SNP	chromosome	position	p_value_lrt	beta1	se1
rs374914004	1	1455494	3.24e-12	22.8	3.27
rs2016366	1	2513678	5.75e-21	-0.039557	0.004208
rs370523674	1	4912519	1.51e-14	27	3.51
1:6163845:C:G	1	6103785	1.31e-13	22.9	3.09
1:8462178:C:T	1	8402118	3.88e-24	28.7	2.83
rs192721732	1	10811565	8.38e-16	23.6	2.93
rs6690285	1	12135325	4.92e-18	-0.044313	0.005116
rs149698351	1	13877833	1.54e-16	26.1	3.16
1:17890619:T:C	1	17564124	2.4e-14	25.8	3.38
rs182105731	1	18597220	1.18e-10	20.5	3.18
1:20160767:G:A	1	19834274	5.77e-17	29.4	3.51
1:21323112:T:G	1	20996619	4.48e-16	17.4	2.14
1:22824891:C:T	1	22498398	5.28e-25	30.9	2.99
rs79751077	1	23787012	2.31e-13	0.045504	0.006204
rs12131497	1	25299747	6.32e-25	-0.064777	0.006278
chr1:26866798	1	26540307	1.06e-13	-15.1	2.03
rs372165362	1	28131475	9.51e-13	23.5	3.29
chr1:29829635	1	29503123	1.51e-09	-15	2.48
rs2297674	1	32163950	3.55e-11	-0.004511	0.000681
chr1:34126531	1	33660931	1.24e-13	13.5	1.82
1:35383104:G:A	1	34917503	6.03e-13	16.5	2.29
1:37188581:C:T	1	36722980	1.57e-13	27.7	3.75
rs150788669	1	38344602	3.82e-15	0.036211	0.004603
rs139766411	1	39873596	5.48e-12	16.9	2.45
1:42003145:T:C	1	41537474	7.75e-10	5.41	0.879
1:43008477:G:T	1	42542806	1.07e-19	27.9	3.07
rs2231281	1	43980814	8.2e-16	39.4	4.89
1:44981054:C:G	1	44981054	2.61e-12	1.159331	0.165552
rs785515	1	46562662	2.01e-12	0.029797	0.004233
1:48612102:G:A	1	48146430	4.72e-11	8.56	1.3
1:53089091:C:T	1	52623419	2.92e-14	15.9	2.09
rs145818426	1	54791156	2.24e-09	14.9	2.49
rs377036066	1	55807838	3.97e-14	25.2	3.33
rs146356216	1	57789346	2.98e-15	27.8	3.52
1:59862865:C:T	1	59397193	3.25e-12	19.8	2.84
1:61649851:T:C	1	61184179	3.56e-10	14.5	2.31
1:63001902:G:A	1	62536231	8.74e-26	45.7	4.35
1:64304622:T:A	1	63838951	1.76e-11	24.9	3.7
rs79182842	1	64936080	4.08e-11	29.2	4.42
1:67461006:G:A	1	66995323	1.09e-16	21	2.53
rs140872471	1	68235904	4.07e-13	14.3	1.97
1:70429860:C:T	1	69964177	3.9e-11	20.5	3.1
1:71444959:G:C	1	70979276	2.6e-18	27.6	3.16
chr1:75179849	1	74714165	1.01e-10	-11	1.7
rs149065316	1	76044951	1.58e-11	17	2.52
rs187614995	1	77098232	4.56e-10	13.6	2.18
rs118030933	1	79734026	2.96e-26	45.4	4.28
1:81503793:C:T	1	81038108	1.26e-21	34.7	3.63
rs139671408	1	82367083	1.22e-09	22.2	3.65
1:86038795:G:A	1	85573112	1.21e-14	28.8	3.73
1:88022128:T:C	1	87556445	5.4e-12	27.6	4
chr1:90926540	1	90460983	5.92e-12	-14.6	2.12
rs371385701	1	91487343	2.19e-14	37	4.84
rs7542867	1	92610961	1.64e-11	-0.029474	0.004373
1:94393497:T:C	1	93927941	5.81e-15	16.8	2.15
1:95524789:C:A	1	95059233	1.31e-09	20.7	3.41
1:98885560:T:A	1	98420004	6.46e-15	26.6	3.41
1:100032179:G:C	1	99566623	2.46e-09	15.4	2.58
1:102333796:T:C	1	101868240	7.1e-10	16.1	2.61
rs11164756	1	103263370	1.78e-10	-17.3	2.71
rs191464214	1	104803008	1.85e-12	9.73	1.38
rs371601906	1	107433923	5.47e-17	22.8	2.72
chr1:111093209	1	110550587	8.94e-10	-13	2.12
1:112251195:A:C	1	111708573	2.59e-13	18.3	2.5
1:113770728:A:G	1	113228106	2.01e-13	28.9	3.93
chr1:116309263	1	115766642	1.63e-10	-11.9	1.86
chr1:118196252	1	117653630	2.9e-12	-23.2	3.32
chr1:119868612	1	119325989	1.51e-12	14.3	2.02
chr1:145631709	1	145803369	3.95e-12	-20	2.88
1:147239366:T:C	1	147767266	1.78e-12	27.8	3.94
rs6676685	1	150247311	1.04e-12	-0.03057	0.004287
rs114781935	1	151268238	2.17e-10	16.9	2.66
1:152313385:A:G	1	152313385	7.65e-91	0.222445	0.011002
rs41265154	1	153411822	2.2e-09	0.0154	0.002572
rs12730935	1	154419892	2.34e-15	0.034075	0.004298
1:156295220:A:C	1	156325429	3.86e-11	21.1	3.19
1:157850725:G:A	1	157880935	8.15e-13	19.2	2.68
rs2852714	1	159149515	1.95e-14	-0.005619	0.000734
chr1:160392399	1	160422609	2.77e-36	-33.1	2.63
1:161952130:G:A	1	161982340	8.66e-12	5.22	0.764
1:162982513:A:G	1	163012723	1.44e-15	13.5	1.69
1:165544698:G:C	1	165544698	1.69e-10	0.266729	0.041725
rs1617988	1	167436300	1.36e-41	-0.058515	0.004329
1:170759065:A:T	1	170789924	1.87e-10	18.3	2.87
rs10158467	1	173131493	3.73e-16	0.005923	0.000726
rs2987879	1	174829115	3.19e-13	-0.031115	0.004267
1:177052847:C:A	1	177083711	4.59e-12	18	2.6
rs189321018	1	178385624	2.87e-09	12.6	2.12
1:179711803:C:T	1	179742668	1.16e-15	33.1	4.13
chr1:181073470	1	181104334	7.22e-12	-28.6	4.17
1:182528904:C:G	1	182559769	1.81e-09	13	2.16
rs142974104	1	184467361	2.65e-15	14.4	1.82
rs372765073	1	185642465	3.6e-10	4.01	0.639
1:187334911:C:T	1	187365779	9.98e-10	20.3	3.32
chr1:189840967	1	189871837	7.73e-15	-11.9	1.53
chr1:192135802	1	192166672	1.58e-13	-17.8	2.41
1:193244346:C:A	1	193275216	1.47e-09	25.3	4.18
1:194531956:A:G	1	194562826	1.18e-09	16.8	2.76
1:195833894:T:C	1	195864764	2.88e-09	3.12	0.525
rs7537027	1	197363096	7.25e-10	7.83	1.27
rs76181804	1	198601705	2.35e-17	-0.008537	0.001007
rs181180557	1	199648359	4.44e-14	14.2	1.88
rs7555556	1	203090976	1.52e-18	-0.006059	0.000689
1:204596001:T:C	1	204626873	1.03e-13	19.5	2.62
rs180742823	1	207086264	1.19e-12	29.3	4.12
rs75957226	1	209300590	6.11e-15	29.2	3.74
rs188693706	1	210792936	5.57e-10	21.6	3.48
1:213087418:G:A	1	212914076	1.47e-13	14.2	1.92
rs190299216	1	214481605	8.78e-14	30.9	4.14
chr1:215862619	1	215689277	4.64e-10	-16.4	2.63
rs182671410	1	216744751	8.13e-14	28.7	3.84
1:218427413:G:A	1	218254071	5.49e-16	21.4	2.64
rs115316322	1	219306319	4.02e-09	12.6	2.14
1:220591485:A:G	1	220418143	8.87e-13	21.1	2.95
chr1:222724483	1	222551141	9.06e-13	-15.3	2.14
rs181126710	1	223863480	2.03e-13	31.1	4.23
rs10916031	1	226919910	2.14e-13	0.030898	0.004207
1:228369877:A:G	1	228182176	7.43e-16	32.6	4.04
1:229530938:C:A	1	229395191	2.18e-15	30	3.78
chr1:231025852	1	230890106	3.92e-16	-27.7	3.4
rs187521970	1	233661545	6.05e-11	22	3.36
1:235808773:T:C	1	235808773	2.85e-11	3.217441	0.483151
1:237736369:A:T	1	237573069	5.26e-21	41.5	4.41
1:239699177:A:G	1	239535877	3.17e-10	24.3	3.86
1:240918255:A:C	1	240754955	3.16e-14	21.5	2.83
1:241958794:G:A	1	241795492	2.44e-12	23.7	3.38
rs181802426	1	243583875	2.27e-09	26.2	4.38
chr1:244850910	1	244687608	8.37e-13	-17.4	2.43
rs12088764	1	246173058	1.6e-14	24.9	3.24
1:247818017:G:C	1	247654715	6.13e-23	44.8	4.54
chr1:249081735	1	248787536	3.06e-13	-27	3.7
2:2808636:C:T	2	2804864	2.43e-14	20.3	2.66
2:5289577:C:T	2	5149444	3.78e-22	45.9	4.74
chr2:6383219	2	6243087	1.1e-12	-15.1	2.12
rs71387227	2	8461377	5.8e-39	-0.060846	0.004658
2:9983510:G:A	2	9843381	3.42e-20	29.2	3.17
rs189222200	2	11322334	6.05e-11	16.5	2.52
chr2:12827483	2	12687357	5.71e-17	19.1	2.28
2:13994664:G:T	2	13854539	3.2e-18	33.1	3.8
2:16467381:G:C	2	16286113	2.18e-17	25.3	2.98
chr2:17708861	2	17527594	8.1e-14	-21.9	2.93
2:19286431:T:C	2	19086670	8.1e-11	17.3	2.66
rs193027059	2	20678922	2.53e-14	25.7	3.37
chr2:22180617	2	21957745	1.08e-13	-14.5	1.95
chr2:23181390	2	22958518	4.08e-18	-32.3	3.72
chr2:25055580	2	24832711	2.55e-22	-17.6	1.81
chr2:26152638	2	25929769	3.3e-12	-13.8	1.98
2:27054656:T:G	2	27054656	1.76e-10	1.733444	0.271457
rs142726493	2	30181347	1.96e-16	20	2.43
2:31266508:C:T	2	31266508	4.33e-09	2.38505	0.405916
chr2:33328785	2	33103718	9.51e-13	-15	2.1
2:34793098:C:T	2	34568031	2.42e-13	21.4	2.92
2:36074002:T:A	2	35848936	1.3e-11	12.6	1.86
2:37157790:A:C	2	36930647	5.57e-10	12.6	2.03
rs1800440	2	38298139	1.24e-11	0.005645	0.000833
rs77228852	2	40282334	3.74e-09	25.9	4.39
2:41767410:C:A	2	41540270	2.93e-14	21.3	2.8
rs192777694	2	42621523	7.18e-15	36.6	4.7
chr2:44732943	2	44505804	2.95e-12	-24.1	3.45
2:47486535:A:T	2	47259396	5.03e-14	35.8	4.75
2:48800914:G:C	2	48573775	4.81e-11	18.1	2.75
2:50406921:A:G	2	50179783	8.61e-16	31.4	3.9
rs112684345	2	51802535	1.42e-13	31.6	4.27
2:53737036:A:G	2	53509898	8.25e-14	26.6	3.56
2:55686093:C:G	2	55458957	1.33e-10	18	2.8
rs185871965	2	58428054	4.67e-10	10.1	1.62
chr2:59727274	2	59500139	6.39e-12	-8.32	1.21
rs13382528	2	61024667	2.12e-14	0.034786	0.004548
2:62296440:G:A	2	62069305	1.5e-10	12.5	1.95
rs147156118	2	63370060	1.66e-11	-0.03595	0.005335
rs138223412	2	64405592	8.79e-10	24.6	4.01
rs56699982	2	65589942	2.09e-15	30.1	3.79
2:67648051:A:G	2	67420919	2.55e-20	35.4	3.83
rs78635481	2	68962835	1.92e-09	25.9	4.31
rs185321289	2	70052406	1.92e-18	17.8	2.03
rs374494611	2	71696407	7.68e-17	31.2	3.74
rs183338621	2	74011348	2.85e-17	22.5	2.66
2:75253057:G:A	2	75025930	1.18e-24	35.9	3.5
2:77670313:G:A	2	77443187	1.09e-09	13.3	2.18
2:79565285:T:C	2	79338159	2.26e-11	24.9	3.72
2:80937247:A:G	2	80710122	1.35e-10	17.8	2.77
2:82452975:G:T	2	82225851	7.59e-13	19.8	2.76
2:84958523:G:A	2	84731399	1.61e-15	24.8	3.11
2:87030331:T:A	2	86803208	5.48e-19	30.2	3.39
Affx-20653752	2	88178822	3.31e-14	0.747	0.0984
rs188612735	2	98849050	1.31e-10	17.3	2.69
rs6715254	2	100781612	3.32e-12	-0.030266	0.004343
rs74538397	2	101962555	2.06e-25	-0.013919	0.001335
rs145573519	2	102969667	1.61e-160	-0.166664	0.006172
rs115032842	2	104898884	3.85e-11	29.7	4.49
chr2:106608531	2	105992075	6.54e-12	-17.8	2.59
chr2:107845907	2	107229451	5.57e-13	-19.7	2.73
rs72937602	2	109270025	8.31e-11	18.2	2.8
rs72837826	2	111175424	7.49e-12	0.007338	0.001071
rs141514755	2	112252585	1.85e-14	0.050028	0.006526
rs116471854	2	114366341	8.58e-10	6.2	1.01
rs192443610	2	115625571	7.35e-12	18.1	2.64
2:118891723:C:T	2	118134147	1.53e-17	27.3	3.2
2:120006552:C:A	2	119248976	4.1e-10	15.7	2.51
chr2:121580066	2	120822491	7.65e-14	-7.25	0.969
rs144881115	2	123081628	6.51e-29	29.7	2.66
rs148939356	2	125025301	1.61e-14	21.9	2.85
chr2:129827024	2	129069451	1.81e-14	18.1	2.36
rs188639301	2	130807443	1.08e-15	26.8	3.34
2:132661349:C:T	2	131903776	6.23e-10	25.5	4.12
chr2:133827614	2	133070041	4.44e-09	-12.8	2.18
rs115257047	2	134160962	3.93e-09	22.8	3.87
2:137207170:T:C	2	136449600	3.69e-15	12.2	1.55
2:138827051:T:C	2	138069481	2.88e-17	31.8	3.76
2:140291503:G:T	2	139533934	3.76e-10	12.6	2.01
rs141901937	2	140787399	7.77e-16	35.4	4.39
2:142591981:G:A	2	141834412	7.22e-18	29.3	3.4
rs62169918	2	143764319	1.59e-13	0.037223	0.00504
rs193290038	2	144820640	1.3e-10	13.7	2.13
rs1474011	2	146118069	6.26e-10	-0.004023	0.00065
chr2:149598203	2	148840634	2.4e-11	-25.2	3.77
2:150918726:A:G	2	150062212	4.87e-11	20.2	3.07
rs148238614	2	151752790	1.18e-14	11.2	1.45
2:154615763:C:A	2	153759250	6.56e-10	19.1	3.09
2:156602093:A:G	2	155745581	1.07e-20	25.3	2.71
rs139924082	2	157477049	4.66e-17	26.8	3.19
2:160736450:A:G	2	159879939	3.74e-17	22.5	2.67
2:161993299:G:C	2	161993299	7.88e-12	0.320128	0.046762
rs148281161	2	163079843	4.63e-17	36.8	4.38
2:165741184:A:G	2	164884674	1.5e-13	22.4	3.03
rs187660663	2	166391802	3.11e-12	25.4	3.64
2:169178685:A:G	2	168322175	1.38e-14	25.5	3.31
2:170277793:G:A	2	169421283	4.5e-19	38.4	4.3
2:171590873:C:T	2	170734363	5.58e-17	15	1.79
rs149016516	2	172179507	5.71e-10	21.4	3.45
rs61064355	2	173838412	3.77e-13	18.1	2.49
2:176264384:A:G	2	175399656	1.14e-11	12.5	1.84
rs181977202	2	176665708	2.64e-14	25.3	3.32
rs142067339	2	177826825	4.91e-13	21.7	3
2:180528397:G:A	2	179663670	2.33e-11	10.1	1.51
2:182682575:T:C	2	181817848	2.12e-10	18.5	2.91
2:183858369:A:G	2	182993641	8.19e-16	25.3	3.14
chr2:188574645	2	187709918	2.35e-16	-16.5	2.01
2:189673294:C:A	2	188808568	4.42e-13	23.7	3.27
2:190948971:A:G	2	190084245	1.38e-20	20.2	2.17
2:193138049:T:G	2	192273323	3.13e-16	30	3.67
2:194241493:T:A	2	193376768	5.62e-12	11.1	1.61
2:195565128:A:C	2	194700404	1.07e-16	18.1	2.18
chr2:197301231	2	196436507	4.88e-10	-17.5	2.81
rs771018	2	197785535	3.08e-11	-0.004319	0.00065
2:199946923:T:C	2	199082200	1.49e-11	23.3	3.45
2:202524997:C:T	2	201660274	1.09e-09	18.3	3
rs191390916	2	202715143	4.3e-12	-0.032154	0.004638
rs186399184	2	203728984	3.74e-12	-0.045646	0.006566
2:206579068:C:A	2	205714344	2.37e-17	27.9	3.29
rs111631608	2	208797056	4.56e-13	13.4	1.85
2:211354019:G:A	2	210489295	1.17e-09	10.9	1.79
chr2:213369205	2	212504481	1.71e-20	24.7	2.66
rs185256020	2	213791526	3.88e-15	22.1	2.81
rs181576820	2	215526533	1.35e-10	9.64	1.5
2:218669220:C:T	2	217804497	3.43e-13	21.7	2.98
rs190814715	2	218928474	1.25e-11	20	2.95
chr2:220806610	2	219941889	2.55e-10	-9.62	1.52
chr2:222393371	2	221528651	1.31e-15	-16.8	2.1
rs200305098	2	223800217	2.72e-11	0.028795	0.00432
rs141971500	2	225220579	5.07e-17	38.6	4.6
2:227897199:T:C	2	227032483	3.36e-19	21.6	2.41
chr2:229760387	2	228895671	9.29e-18	-21.3	2.48
2:231347486:A:G	2	230482771	3.28e-12	7.11	1.02
chr2:232408834	2	231544123	7.47e-12	22	3.21
rs139393399	2	232865182	2.63e-13	28.1	3.84
rs116413378	2	234586368	6.22e-13	24.7	3.43
2:236616610:C:T	2	235707966	1.3e-09	28.6	4.71
2:237869725:G:A	2	236961082	9.56e-28	40.2	3.68
rs142063070	2	238802710	1.95e-12	16.2	2.3
2:241230759:G:A	2	240291342	4.23e-10	14.5	2.32
rs34143604	2	241622595	8.29e-15	0.00521	0.000671
rs62192033	2	242699504	1.13e-93	-0.08929	0.004348
chr3:558299	3	516616	2.03e-09	-20.7	3.45
rs117277529	3	1680275	8.3e-13	16.4	2.29
3:3296135:T:A	3	3254451	6.9e-15	18	2.31
rs55864359	3	4764437	1.73e-12	0.030205	0.004278
Affx-22527329	3	5954124	2.23e-33	0.265	0.022
chr3:7052403	3	7010716	1.45e-09	-15.5	2.56
rs140344625	3	8881418	9.86e-28	-24.9	2.28
3:10638646:G:A	3	10596961	9e-11	13.3	2.05
chr3:11942053	3	11900579	3.05e-16	-32.3	3.95
3:13681518:C:T	3	13640018	1.76e-11	21.2	3.15
rs376778257	3	15206721	1.83e-09	7.22	1.2
rs370900577	3	16750465	1.48e-11	22.9	3.39
3:18895341:A:G	3	18853849	2.76e-24	23.3	2.29
3:20616027:G:A	3	20574535	8.69e-19	24.8	2.8
rs74647648	3	21783360	1.97e-17	21	2.47
rs1695181	3	23459398	1.24e-12	-0.030497	0.004291
rs138660142	3	24515803	4.57e-19	25	2.8
rs191034117	3	25797896	1.11e-12	24.5	3.44
rs79786110	3	27952556	4.38e-12	23.7	3.42
3:29027857:T:C	3	28986366	4.79e-11	20.8	3.16
3:31839756:T:C	3	31798264	3.31e-24	32.4	3.19
rs7650543	3	33042713	4.31e-36	-0.05675	0.004522
3:34281828:T:C	3	34240336	1.13e-19	37.6	4.14
chr3:37127929	3	37086438	3.52e-09	-9.16	1.55
3:39524645:T:C	3	39483154	3.13e-17	33.2	3.93
rs193033840	3	40745046	6.32e-12	17.4	2.53
chr3:41915098	3	41873606	4.23e-10	-19	3.04
rs182011134	3	43159443	1.48e-19	17.2	1.9
rs181648870	3	44776588	1.38e-14	31.2	4.05
rs143107573	3	46499590	1.9e-12	17.9	2.54
rs146563712	3	47610578	5.49e-20	24	2.62
rs202082295	3	48979481	7.22e-17	34.4	4.12
rs2856236	3	50161717	6.04e-11	-0.027751	0.004238
rs73078636	3	51441307	8.65e-14	-0.007221	0.000967
rs144002170	3	53127063	4.76e-16	31.6	3.89
3:54710804:A:G	3	54676777	3.97e-21	35.4	3.75
rs7628922	3	56737257	3.69e-11	-0.028636	0.004325
3:58208297:A:G	3	58208297	1.01e-10	1.409941	0.217913
3:60046599:T:C	3	60060873	2.83e-13	17.1	2.34
rs373682209	3	61603812	7.93e-21	22.2	2.37
3:63074726:T:C	3	63089050	7.82e-12	21.5	3.14
3:64420782:G:A	3	64435106	2.38e-17	21.2	2.5
chr3:65775062	3	65789387	1.68e-15	25.5	3.2
rs144138047	3	67262269	1.13e-09	10.3	1.69
chr3:68391299	3	68342149	5.2e-18	-25.1	2.9
rs370203563	3	70071358	2.63e-09	16.8	2.82
rs55840990	3	71376369	1.13e-11	30.3	4.46
chr3:72548367	3	72499216	5.33e-12	-17.6	2.55
3:73903626:C:T	3	73854475	7.56e-11	18.5	2.84
3:74942289:G:A	3	74893138	3.06e-24	24.7	2.43
rs181249328	3	76097328	3.74e-09	25.9	4.39
chr3:77318142	3	77268991	1.62e-11	-12	1.78
rs6548662	3	79819111	3.73e-09	-15.4	2.61
rs147719392	3	81213525	1.04e-13	19.2	2.58
3:83186015:A:G	3	83136864	4.32e-11	19.2	2.91
chr3:85056701	3	85007550	6.34e-25	-29.3	2.84
chr3:86978464	3	86929314	7.93e-17	27.1	3.25
3:88530905:A:T	3	88481755	3.76e-12	17.1	2.46
rs9852322	3	93999571	1.05e-12	-0.030807	0.004321
3:95511976:G:A	3	95793132	5.05e-10	19.6	3.15
rs182211323	3	97270884	7.38e-11	21.9	3.36
rs73858891	3	99675623	2.15e-09	12.7	2.12
rs114137525	3	100986979	1.51e-11	0.010033	0.001486
3:102399284:G:C	3	102680440	6.4e-10	10.7	1.73
rs74747014	3	104664055	1.05e-17	37.9	4.42
3:105693797:C:A	3	105974950	2.14e-13	23.8	3.24
rs78074993	3	108425131	6.12e-23	44.9	4.55
rs77752827	3	111216955	9.85e-10	12.6	2.06
rs144301783	3	112634262	1.85e-14	0.03291	0.004293
3:115408856:A:G	3	115690009	3.91e-20	25.2	2.74
3:117244079:C:T	3	117525232	5.4e-10	22.3	3.59
3:118902865:C:G	3	119184018	1.74e-27	20	1.84
3:120266152:C:A	3	120547305	5.31e-10	19.7	3.17
rs75557865	3	121652141	3.58e-11	-0.027969	0.004221
rs144731635	3	122848551	4.82e-16	33.3	4.1
3:124848394:A:G	3	124848394	1.74e-10	2.100319	0.328801
3:125863767:T:G	3	126144924	1.17e-12	24.9	3.5
rs56397996	3	127954710	7.26e-18	-0.055748	0.00647
3:129707500:A:C	3	129988657	3.73e-10	15.8	2.52
3:131236564:A:T	3	131517720	1.88e-13	21.5	2.92
rs142480226	3	132726124	7.44e-12	32.9	4.8
3:134353531:A:G	3	134634689	1.59e-16	28.4	3.44
rs73862919	3	135653129	3.88e-12	24.8	3.57
rs143848342	3	136748120	5.78e-13	18.1	2.51
3:139824789:C:T	3	140105947	4.5e-26	46.5	4.4
rs7625643	3	141150026	2.68e-12	0.031537	0.004506
3:141929018:T:G	3	142210176	5.95e-12	11.5	1.67
3:144740227:G:A	3	145021385	2.65e-22	34.7	3.57
3:145979034:G:C	3	146261247	3.78e-14	15.3	2.02
chr3:147678740	3	147960953	4.31e-18	-11.8	1.36
chr3:149324262	3	149606475	1.02e-28	-33.6	3.02
3:150437367:T:C	3	150719580	3.56e-14	30.1	3.97
3:152526979:A:G	3	152809190	2.41e-26	39	3.67
rs115397404	3	155078487	8.58e-17	32.4	3.89
rs62275576	3	156343653	9.93e-12	0.010171	0.001493
3:157084794:T:C	3	157367005	3.67e-13	17.6	2.42
chr3:158578680	3	158860891	3.55e-11	8.35	1.26
3:159589635:T:G	3	159871846	1.27e-14	31.4	4.07
3:160823004:G:T	3	161105216	1.6e-16	31.7	3.84
chr3:163075314	3	163357526	1.71e-09	13.2	2.19
3:166790053:G:T	3	167072265	3.71e-22	46.2	4.77
rs1420466	3	168718097	4.89e-13	0.005069	0.000701
rs368675697	3	170245070	6.18e-10	13	2.1
3:172441830:C:A	3	172724040	5.34e-16	32.6	4.02
rs117916111	3	173830969	2.39e-10	11.6	1.83
3:174871687:G:A	3	175153897	5.41e-14	20.7	2.75
rs7626218	3	176852038	7.19e-22	-0.006382	0.000664
chr3:181378343	3	181660555	2.41e-09	-17.2	2.88
3:182804908:G:T	3	183087120	1.88e-11	29.3	4.36
3:183946015:G:A	3	184228227	2.61e-16	20.9	2.55
3:186609415:G:A	3	186891626	1.97e-28	46.7	4.22
rs9878655	3	188083490	4.32e-36	0.053226	0.004241
rs138450506	3	189805306	3.11e-12	9.63	1.38
3:190591838:C:T	3	190874049	1.25e-15	31.3	3.91
3:192223100:C:T	3	192505311	2.3e-13	22.3	3.04
rs114148143	3	194271258	7.36e-11	16.1	2.47
rs7636493	3	196367930	1.01e-25	-0.058503	0.005576
3:197290445:G:A	3	197563574	7.72e-11	26.5	4.07
rs73063696	4	1520060	7e-10	19.5	3.16
chr4:3155133	4	3153406	8.62e-14	-22.1	2.96
rs114482173	4	4849987	9.92e-13	17.7	2.48
rs73796465	4	7176663	4.25e-14	25.7	3.4
chr4:8665931	4	8664205	4.03e-13	15.9	2.19
rs139060304	4	10310184	1.84e-10	14.8	2.32
chr4:11651678	4	11650054	9.05e-12	-15.7	2.3
rs146383227	4	13133454	5.87e-15	30	3.84
rs150258201	4	14919968	1.53e-13	23.5	3.18
4:16201596:C:T	4	16199973	6.02e-10	14	2.26
rs190517737	4	17436329	8.19e-24	44.4	4.41
rs113120413	4	18662990	5.39e-10	-0.033946	0.005465
chr4:20221897	4	20220274	5.62e-14	-33.7	4.48
4:21523705:G:A	4	21522082	6.94e-10	12.9	2.09
4:23780971:C:T	4	23779348	2.29e-12	26.4	3.76
4:25690865:C:A	4	25689243	2.17e-17	27	3.18
chr4:26718642	4	26717020	2.39e-19	-38.7	4.3
chr4:27914896	4	27913274	2.27e-10	-8.06	1.27
rs183308530	4	30141613	5.35e-11	17.4	2.65
rs57768981	4	31209357	7.41e-11	24.7	3.79
chr4:32763240	4	32761618	2.33e-11	-20.2	3.02
chr4:34050006	4	34048384	5.01e-24	-26.1	2.58
4:36680925:C:A	4	36679303	5.34e-17	13.5	1.61
rs185441533	4	37805229	1.4e-15	19.5	2.44
rs4833096	4	38808632	4.08e-51	-0.080615	0.005358
4:40524188:C:G	4	40522171	8.66e-24	32.2	3.2
rs187717353	4	42798279	1.29e-14	32.7	4.24
4:45479213:A:G	4	45477196	2.86e-11	28.7	4.31
rs116559377	4	47281372	4.21e-17	33.4	3.97
rs73814855	4	52790620	1.54e-22	30.4	3.11
rs115548019	4	55039485	4.7e-16	29.9	3.68
rs2002155	4	56879874	2.61e-10	0.026943	0.00426
rs138353999	4	58266880	2.34e-13	25.3	3.45
chr4:60562966	4	59697248	1.25e-15	-28.5	3.56
4:62192881:G:T	4	61327163	2.15e-14	26	3.4
4:64260078:T:C	4	63394360	1.71e-14	26.1	3.4
rs182375165	4	64517496	2.12e-15	23.9	3.01
4:66868754:A:C	4	66003036	9.2e-20	36.6	4.02
4:69071305:A:T	4	68205587	1.83e-10	24.5	3.84
4:71602615:T:A	4	70736898	5.75e-16	37.1	4.58
4:72304056:G:T	4	72304056	2.42e-11	2.264485	0.338814
rs76398516	4	74906893	1.66e-18	31.8	3.62
4:76967311:T:C	4	76046158	3.15e-14	13.6	1.79
chr4:78413050	4	77491896	8.26e-22	-36.3	3.78
rs57108712	4	78621723	4.71e-12	30.1	4.35
chr4:80950906	4	80029752	4.46e-13	-15	2.07
4:82238952:C:T	4	81317798	4.7e-18	33.8	3.9
chr4:85692515	4	84771362	8.18e-12	-26.2	3.83
rs115074357	4	86031139	2.27e-09	19.8	3.31
4:88461323:G:A	4	87540171	7.91e-20	24.9	2.73
rs187146369	4	89130305	2.31e-19	23.5	2.61
chr4:93931168	4	93010017	1.26e-10	-16.8	2.61
rs145192039	4	94294583	4.61e-15	20	2.55
4:96392243:T:C	4	95471092	7.19e-12	19	2.77
4:98454743:T:C	4	97533592	1.94e-11	22.9	3.41
rs143445255	4	98710569	5.42e-20	31.7	3.46
rs140673264	4	100874603	3.77e-19	37.5	4.19
rs6813322	4	103555619	5.65e-11	0.02805	0.004277
rs34712979	4	106819053	4.69e-11	0.004929	0.000748
chr4:109072271	4	108151115	1.81e-18	-26.5	3.02
4:111042222:G:C	4	110121066	8.88e-13	21.6	3.02
4:112387588:T:C	4	111466432	8.19e-16	25.3	3.14
4:114605728:T:G	4	113684572	1.64e-12	18.8	2.66
rs111839173	4	115716906	6.95e-20	26.4	2.89
rs190965706	4	117444349	3.35e-15	28.3	3.59
4:119031392:C:G	4	119031392	4.64e-10	2.761179	0.442805
rs76120566	4	122166148	3.52e-38	0.103725	0.008025
rs58939053	4	123386013	7.37e-45	0.062569	0.00445
4:125910490:C:T	4	124989335	4.62e-22	34.4	3.56
chr4:130632119	4	129710964	4.22e-14	-15.8	2.09
chr4:131730031	4	130808876	1.61e-13	-15.8	2.14
4:133291982:T:C	4	132370827	4.59e-10	24.7	3.96
chr4:134525229	4	133604074	7.46e-18	-17.4	2.02
4:137112663:G:C	4	136191508	1.63e-09	8.45	1.4
4:138419295:A:C	4	137498141	2e-13	30.3	4.12
chr4:139556244	4	138635090	2.66e-12	-17.5	2.5
rs4989956	4	139978621	1.1e-09	0.029065	0.004766
4:142563616:C:T	4	141642463	4.3e-12	23.5	3.39
4:145062854:T:C	4	144141701	1.21e-09	13.2	2.17
rs6835650	4	145463567	7.84e-14	-0.032836	0.004391
rs144603397	4	147314658	4.48e-13	8.84	1.22
rs192733505	4	148668803	3.67e-13	10.4	1.43
rs375023539	4	150601690	2.97e-14	28.9	3.8
chr4:152850136	4	151928984	2.33e-12	-7.65	1.09
4:154035422:C:T	4	153114270	4.34e-10	19.3	3.09
4:155264474:C:T	4	154343322	1.5e-16	21.4	2.59
4:156935781:T:A	4	156014629	2.46e-12	12.9	1.84
4:158392765:A:T	4	157471613	4.45e-11	12	1.82
rs182234043	4	160259280	1.33e-12	28.6	4.03
rs72996280	4	163074104	4.41e-18	39.9	4.6
chr4:165453880	4	164532728	1.05e-09	14.9	2.44
4:167665776:G:A	4	166744625	1.82e-12	21.3	3.02
4:170289588:C:T	4	169368437	9.45e-10	16.9	2.76
chr4:172312005	4	171390854	4.94e-11	-17.3	2.63
rs114747092	4	175267619	1.2e-14	26.1	3.38
rs138449600	4	177521500	2.45e-19	33.2	3.69
4:179601317:G:T	4	178680163	1.22e-12	20.4	2.87
rs144062274	4	180616032	9.94e-17	25.6	3.08
4:184884742:G:A	4	183963589	8.58e-10	12.4	2.02
4:186062148:C:G	4	185140994	1.63e-23	43.4	4.34
4:187342248:A:G	4	186421094	5.42e-11	25.6	3.9
rs115548578	4	187448730	7.91e-14	24.9	3.33
4:189654885:C:T	4	188733731	7.76e-13	25.6	3.57
rs185783614	4	189777440	3.91e-09	8.78	1.49
5:678283:G:A	5	678168	6.67e-14	21.6	2.88
rs1962698	5	1921014	1.24e-11	21.9	3.23
rs57580990	5	3364751	1.25e-19	29.3	3.23
chr5:5255143	5	5255030	6.08e-15	-11.4	1.46
rs189749960	5	6592216	3.64e-09	11.1	1.88
rs146466110	5	7794367	1.86e-10	12.5	1.96
rs181018324	5	9723130	5.64e-11	14.1	2.15
rs77171825	5	11608845	1.82e-15	15.6	1.96
5:12695236:A:G	5	12695124	3.14e-13	22.1	3.03
rs16903574	5	14610309	5.9e-25	0.012901	0.00125
5:16122841:C:T	5	16122732	6.67e-14	22.5	3
rs185221697	5	17364200	2.82e-32	40	3.38
chr5:19600109	5	19600000	5.76e-13	-22.5	3.12
chr5:20604718	5	20604609	3.83e-09	-10.2	1.73
rs56120008	5	22878992	7.54e-10	8.13	1.32
rs201495976	5	24191325	1.78e-18	24.4	2.78
chr5:25753837	5	25753728	3.49e-11	-11.8	1.78
5:27840928:G:T	5	27840821	9.79e-14	18.4	2.47
5:29739953:T:A	5	29739846	2.45e-11	9.02	1.35
5:30790737:T:A	5	30790630	1.25e-13	22.4	3.02
5:31897391:C:T	5	31897285	6.53e-16	30.4	3.76
rs79147807	5	33964060	2.12e-11	25	3.73
rs62351976	5	35893189	1.34e-25	0.051608	0.004931
5:37195917:C:A	5	37195917	3.51e-09	1.656443	0.280253
chr5:38328032	5	38327930	1.2e-10	-26.1	4.05
rs147868033	5	41434675	4.48e-23	29.5	2.98
5:43229525:G:T	5	43229423	3.41e-14	21.7	2.86
5:50621473:G:A	5	51325639	6.45e-10	17.5	2.83
rs191255770	5	52397530	3.13e-17	33.2	3.93
chr5:54757296	5	55461468	2.01e-13	18.9	2.57
5:56160062:C:G	5	56864235	2.34e-10	18.9	2.98
rs78586335	5	58980056	3.72e-16	23.4	2.87
rs373322054	5	62672468	1.14e-09	18.4	3.02
chr5:63420070	5	64124243	3.46e-12	-18.8	2.7
chr5:65225131	5	65929303	4.16e-13	-15.6	2.15
chr5:67609454	5	68313626	6.61e-15	-13.1	1.68
5:68663610:G:C	5	69367783	2.31e-18	39.8	4.55
rs10040192	5	71695880	1.21e-10	0.004252	0.00066
5:72598607:T:C	5	73302780	1.15e-14	22.1	2.86
5:73791198:G:A	5	74495373	8.83e-20	36.8	4.04
5:75436594:A:C	5	76140769	7.53e-15	26.3	3.38
5:78139379:G:T	5	78843556	6.65e-10	22.8	3.69
rs185039053	5	81238759	6.1e-12	22.3	3.24
chr5:81560760	5	82264941	7.78e-13	-22.3	3.11
5:83813356:T:C	5	84517538	2.92e-11	20.5	3.08
5:86366594:A:G	5	87070777	3.31e-11	8.96	1.35
5:88604663:G:C	5	89308846	2.28e-34	40	3.27
rs147460501	5	90371307	1.31e-10	18.2	2.83
rs138376247	5	91983427	4.36e-14	34	4.5
5:93696646:G:A	5	94360941	9.87e-10	26.3	4.3
5:95872342:T:C	5	96536638	2.67e-13	24.8	3.39
5:96899744:G:A	5	97564040	4.31e-19	38.6	4.32
5:98035358:T:A	5	98699654	4.87e-09	17.1	2.92
rs114890499	5	99989499	3.67e-13	30.4	4.18
5:100666069:G:T	5	101330365	2.03e-09	18.3	3.05
5:102022217:T:A	5	102686513	1.28e-10	4.89	0.76
rs77604110	5	104004504	2.43e-14	29	3.8
rs115698288	5	107385846	7.73e-22	41.9	4.36
rs2963007	5	108743013	2.62e-10	-0.027173	0.004296
rs201024593	5	110423832	1.61e-95	0.095818	0.004619
rs10054710	5	111425011	6.11e-10	-0.015604	0.00252
rs116266286	5	113225751	1.78e-10	19.6	3.07
rs371232510	5	114362439	5.38e-15	28.4	3.63
rs115330139	5	116519533	1.56e-15	22.1	2.77
rs2416483	5	117978424	5.9e-19	34.8	3.91
rs3813308	5	119355086	5.86e-14	0.004918	0.000654
5:119980635:A:G	5	120644940	3.01e-09	11.1	1.87
rs76415681	5	121686962	1.52e-21	-31.1	3.26
5:123769469:G:A	5	124433776	2.78e-20	24.1	2.61
rs192909449	5	126393785	5.67e-13	18.9	2.62
5:127757095:G:A	5	128421402	2.73e-16	16.3	1.99
rs199590709	5	129529286	7.32e-15	0.05298	0.006806
rs11950815	5	130955487	6.06e-18	-0.005865	0.000679
rs3091308	5	131991032	7.72e-75	0.097523	0.005326
5:132794953:C:T	5	133459261	1.84e-19	34.4	3.81
5:134503812:C:T	5	135168122	1.29e-09	13.3	2.19
rs57039572	5	136197951	1.41e-09	0.068879	0.011369
chr5:136810830	5	137475141	2.81e-11	-4.31	0.647
rs145258356	5	139724927	1.41e-21	31.7	3.32
rs249681	5	141538017	1.15e-35	-0.054582	0.004376
5:143096937:T:C	5	143717372	1.04e-19	24	2.64
rs149827052	5	144776150	2.01e-12	23.3	3.31
rs143106850	5	146644960	2.14e-15	23.5	2.96
5:147986845:G:A	5	148607282	7.1e-13	15.3	2.13
rs190361022	5	149941231	3.46e-12	7.52	1.08
rs115821625	5	151257417	3.85e-16	27.3	3.35
5:152632542:C:T	5	153252982	1.85e-21	21.8	2.29
rs146736960	5	155302344	6.97e-18	31.9	3.7
rs369028166	5	156852756	5.26e-19	0.076175	0.008547
rs17057868	5	159914665	5.92e-12	-0.005307	0.000771
rs115844864	5	162254011	6.91e-13	28.1	3.91
rs185839748	5	164108279	1.59e-16	26.5	3.21
rs73368514	5	167255308	4.59e-12	20.7	2.99
5:167805828:T:G	5	168378823	3.13e-11	20.8	3.13
rs182461349	5	169622071	7.52e-19	25.2	2.84
5:170972314:C:T	5	171545310	6.5e-11	15.1	2.31
5:172140135:G:T	5	172713132	5.87e-16	28.1	3.47
5:173635739:T:C	5	174208736	5.6e-14	33.1	4.4
5:174839394:G:A	5	175412391	1.86e-12	14.1	2
rs3135911	5	176513896	1.38e-13	0.034512	0.004661
chr5:179768860	5	180341860	2.01e-16	-13	1.58
rs191845828	6	1084341	2.98e-11	15.7	2.36
6:2765001:G:A	6	2764767	1.42e-09	22.9	3.78
rs182616350	6	4538623	8e-10	22.2	3.61
6:6370260:C:G	6	6370027	3.91e-18	38.4	4.42
chr6:7821714	6	7821481	1.04e-14	-13.7	1.77
6:8991919:C:T	6	8991686	3.24e-11	25.1	3.78
rs139727043	6	11088743	2.77e-15	23.8	3.01
rs3777755	6	12159699	5.59e-10	-0.004361	0.000703
6:13396376:C:T	6	13396144	9.23e-23	39.7	4.04
6:15477106:G:A	6	15476875	2.47e-15	30.1	3.8
6:16745174:T:C	6	16744943	9.83e-15	14.1	1.82
rs1858520	6	19347453	1.42e-13	0.038476	0.005199
rs115926208	6	20534528	3.49e-11	11.8	1.78
rs77634652	6	21862343	1.78e-13	0.006563	0.000891
chr6:23718015	6	23717787	8.24e-11	-26.2	4.03
6:24974955:A:G	6	24974727	1.12e-10	29.5	4.57
6:26463347:T:G	6	26463347	9.98e-18	0.048994	0.00571
rs35706352	6	27793992	3.85e-10	0.045843	0.007317
rs4947303	6	28799155	1.37e-09	0.04589	0.007569
rs28749158	6	29916681	3.37e-25	-0.050287	0.004846
rs72502575	6	31356087	2.21e-51	-0.092319	0.006119
rs9273374	6	32626614	5.22e-253	-0.153052	0.004504
rs74747954	6	33879853	2.14e-22	45.2	4.64
rs6457809	6	35154315	3.69e-16	0.043843	0.005377
rs142321104	6	36363249	7.65e-13	13.7	1.91
rs184830731	6	38255778	1.4e-12	7.94	1.12
rs73731764	6	39292255	1.56e-10	26.9	4.2
6:41936060:A:C	6	41936060	1.56e-13	0.109741	0.014855
rs148758824	6	43389731	3.4e-13	6.89	0.946
chr6:46011898	6	46044161	8.51e-15	-21.2	2.73
rs138011867	6	48211347	1.66e-15	27.1	3.4
6:49940586:G:A	6	49972873	9.8e-14	33	4.43
rs145633617	6	52366980	1.24e-15	24.1	3.01
6:53489246:G:A	6	53624448	1.51e-10	19.1	2.98
rs75788512	6	55833962	7.22e-19	26.9	3.03
chr6:56777909	6	56913111	4.26e-16	29.7	3.65
6:57961271:A:G	6	60993524	1.07e-10	24.1	3.73
rs180822090	6	62809446	1.17e-09	16.5	2.71
rs1779773	6	64210163	1.66e-15	-0.033931	0.004257
6:66594834:A:G	6	65884941	1.22e-15	37.4	4.67
rs147045196	6	68745132	4.02e-10	19.4	3.1
chr6:70750685	6	70040793	1.91e-10	11.6	1.82
rs185440558	6	72131194	3.43e-13	21.7	2.98
rs145958137	6	73453289	4.47e-09	19.9	3.39
6:75770515:A:G	6	75060799	2.43e-10	27.5	4.34
chr6:77510384	6	76800667	4.69e-13	-25.7	3.55
6:79529681:G:A	6	78819964	3.54e-15	17.8	2.26
rs188419495	6	80067724	1.45e-18	15.4	1.75
rs2989872	6	82717078	2.94e-09	-0.02554	0.0043
rs147303040	6	83788191	8.6e-18	14.1	1.64
6:87387895:A:G	6	86678177	8.91e-13	22.6	3.16
rs118044798	6	88058379	2.52e-11	20.7	3.1
6:89772696:A:G	6	89772696	2.87e-10	2.038936	0.323112
rs12212737	6	90838675	5.17e-49	-0.065357	0.004439
6:95206873:T:G	6	94497155	3.23e-10	11.2	1.78
6:97558242:T:C	6	97110366	5.47e-11	16.8	2.56
6:99300406:C:T	6	98852530	9.3e-15	22.1	2.85
6:100736214:T:C	6	100288338	8.65e-14	21.8	2.92
chr6:101949994	6	101502118	2.35e-12	-28.7	4.09
6:103690815:A:G	6	103242940	1.51e-16	32.8	3.97
rs73512033	6	105262914	4.98e-21	25.8	2.74
6:107010507:G:A	6	106562632	2.73e-17	30.3	3.58
rs201847429	6	107844943	4.29e-11	-0.044851	0.006797
rs370926614	6	108964278	1.68e-14	25.8	3.36
6:111711752:A:G	6	111390549	2.71e-13	9.8	1.34
chr6:112790011	6	112468809	1.81e-11	26.7	3.97
rs111603225	6	114046115	6.7e-16	31.6	3.91
rs59420554	6	115504970	3.13e-15	13.1	1.66
rs114382321	6	117456983	6.92e-16	29	3.59
rs191897836	6	119219902	1.14e-12	24.7	3.47
rs35586997	6	121762233	1.55e-18	-0.041589	0.00473
6:123586117:T:C	6	123264972	1.37e-11	22.6	3.34
chr6:125074793	6	124753647	1.25e-12	-13.5	1.9
rs41285280	6	128291649	5.92e-23	0.007509	0.000761
6:131122567:G:A	6	130801425	4.4e-10	26.6	4.26
rs111785012	6	131927873	2.38e-14	24.2	3.17
6:133767345:G:C	6	133446207	2.98e-12	22	3.15
6:134850154:A:G	6	134529016	1.17e-12	14.3	2.01
rs2143793	6	135685999	2.64e-19	0.038189	0.004248
rs200820567	6	138230040	6.34e-17	-0.104496	0.012492
6:140154790:A:G	6	139833653	5.32e-18	12.2	1.41
chr6:141414633	6	141093496	1.45e-12	-32.8	4.63
rs184208779	6	143871527	7.51e-13	31.5	4.39
rs145618037	6	145376245	3.97e-09	13.9	2.36
6:148019478:C:A	6	147698342	4.38e-15	36.5	4.65
rs56383785	6	149787068	2.37e-18	0.03815	0.004363
chr6:152905432	6	152584297	1.58e-27	-48.3	4.44
6:154286768:G:A	6	153965633	2.26e-10	24.5	3.86
rs4385322	6	155055323	3.58e-17	0.035698	0.004234
6:156484013:T:C	6	156162879	1.99e-12	15.7	2.23
chr6:158528101	6	158107069	3.41e-13	-13.4	1.84
rs184216006	6	159313927	2.2e-15	19.6	2.47
chr6:160757017	6	160335985	1.16e-20	-38.8	4.16
6:162341780:C:A	6	161920748	1.63e-09	10.2	1.69
chr6:164286920	6	163865888	1.85e-14	-13.8	1.8
6:165522965:G:T	6	165109476	2.01e-15	26.7	3.36
6:166978137:A:G	6	166564649	9.72e-11	20.4	3.15
6:168297667:C:G	6	167896987	1.9e-14	20	2.61
6:170919205:C:T	6	170610117	2.03e-09	8.64	1.44
rs111848954	7	973910	8.51e-11	0.032335	0.004978
rs73033560	7	3157276	2.97e-18	-0.065576	0.007521
7:4473597:G:A	7	4433966	2.09e-11	8.85	1.32
rs184232851	7	5656793	7.58e-10	9.73	1.58
rs4724866	7	6878623	1.05e-12	0.031376	0.004401
7:8147244:A:G	7	8107614	1.94e-22	31.4	3.22
chr7:9208578	7	9168948	1.86e-19	-26	2.88
rs187599881	7	11362266	1.05e-11	24.7	3.63
chr7:12663787	7	12624162	8.81e-15	-15.6	2.01
7:13806333:A:C	7	13766708	3.17e-13	16.7	2.29
7:15866164:T:C	7	15826539	1.61e-14	22.9	2.98
rs185127003	7	17307097	1.76e-14	27.7	3.61
7:18934855:G:A	7	18895232	2.71e-11	15.4	2.31
rs7793850	7	20542216	8.83e-36	-0.053184	0.004257
rs7802307	7	22766433	2.98e-21	-0.040868	0.004315
rs149108885	7	25348192	6.27e-10	13.8	2.23
7:27163680:C:T	7	27163680	1.39e-10	0.662137	0.103101
rs849333	7	28219812	6.39e-27	0.047667	0.004434
rs150510414	7	29234877	2.17e-19	41.9	4.65
chr7:31454049	7	31414435	2.71e-11	-13.6	2.04
7:32644824:A:T	7	32605212	2.54e-19	42	4.67
7:33866627:T:G	7	33827015	2.9e-12	17.4	2.49
7:36458174:C:T	7	36418565	3.02e-21	39.2	4.14
chr7:37785475	7	37745873	2.5e-12	-15.7	2.24
rs149739757	7	39686057	9.02e-17	27.3	3.28
rs59797816	7	41137110	1.9e-15	24.1	3.03
7:42396693:A:G	7	42357094	4.01e-22	27	2.79
rs116781492	7	45177185	3.35e-10	23.7	3.77
7:46453599:T:C	7	46414001	7.64e-20	27.1	2.97
7:48415958:G:T	7	48376361	7.29e-12	14.4	2.1
7:50231654:C:T	7	50192058	3.04e-17	31.1	3.68
rs144904264	7	52063445	2.95e-11	17.5	2.63
7:53764384:C:A	7	53696691	4.05e-12	21.1	3.04
7:55138711:C:T	7	55071018	1.51e-12	18.9	2.67
rs7808989	7	57189943	5.92e-13	22.2	3.08
rs112013189	7	63233775	2.66e-12	21	3
chr7:67934197	7	68469210	2.5e-24	-22.1	2.17
rs7797987	7	70551743	3.82e-23	35.1	3.54
7:71878455:C:T	7	72413470	3.33e-17	24.9	2.95
7:73236097:T:C	7	73821767	1.33e-14	32.3	4.19
chr7:75283845	7	75654527	2.13e-09	-16	2.67
7:76770395:C:A	7	77141078	8.13e-14	28.7	3.84
rs5013614	7	78706916	5.77e-11	0.0404	0.006164
rs147038821	7	80413985	3.6e-18	24.7	2.84
7:81057719:C:A	7	81428403	2.67e-14	22.4	2.94
7:82444630:A:G	7	82815314	3.05e-11	25.6	3.85
rs146092726	7	85404263	2.16e-12	23.9	3.4
rs111770896	7	86675020	3.45e-16	19.1	2.34
rs60096900	7	87823573	1.35e-14	20.5	2.66
7:89140865:G:A	7	89511551	2.11e-12	28.2	4.01
rs114504633	7	90794393	4.27e-14	19.5	2.58
rs182671062	7	92571997	7.19e-11	16.5	2.53
rs181416179	7	93766739	2.19e-10	20.2	3.18
rs113050249	7	95526025	8.37e-20	27.8	3.05
rs374657478	7	98178410	1.94e-15	22.9	2.88
rs187149538	7	99326279	5.21e-16	20.2	2.49
rs181538942	7	100938629	3.29e-14	22.7	2.99
rs114645604	7	105385553	1.47e-11	7.77	1.15
7:106510974:T:G	7	106870529	1.59e-12	12.8	1.81
7:107643437:G:A	7	108002992	7.57e-19	18.1	2.04
rs79788659	7	110379350	4.23e-20	31.7	3.45
chr7:111529208	7	111889152	8.94e-10	-13	2.12
7:112617114:C:T	7	112977059	1.08e-14	12.3	1.59
rs145429944	7	114734217	7.98e-11	21.6	3.32
7:116193812:G:A	7	116553758	6.34e-12	20.7	3.01
7:117791131:T:A	7	117791131	1.52e-09	2.021718	0.334352
chr7:119020963	7	119380909	1.31e-15	-22.4	2.8
rs144532877	7	121521992	3.21e-11	17.8	2.68
chr7:122276780	7	122636726	2.21e-09	-8.68	1.45
rs140279130	7	125984184	1.82e-16	32.3	3.92
7:126927641:C:T	7	127287587	3.68e-10	14.3	2.28
rs141267412	7	128526038	1.37e-12	10	1.41
rs145639379	7	130837213	1.31e-15	24.4	3.05
rs74386320	7	131943067	1.07e-10	12.6	1.95
7:132971913:C:G	7	133287159	8.4e-11	19.3	2.97
rs192396111	7	134877527	1.46e-11	9.19	1.36
rs193038036	7	136433521	8.45e-13	18.9	2.64
7:137327991:C:T	7	137643245	3.44e-14	28.6	3.77
7:138796597:G:A	7	139111851	3.84e-10	15.6	2.49
7:140081976:C:T	7	140382176	6e-10	18.4	2.97
rs150613982	7	141578830	2.6e-12	23.6	3.37
rs115332170	7	142828262	1.08e-13	26.1	3.51
rs144496283	7	144807643	6.56e-18	30.2	3.5
chr7:145740799	7	146043706	7.93e-14	24.6	3.29
7:147073175:C:A	7	147376083	8.48e-18	22.1	2.57
7:148313212:G:C	7	148616120	1.44e-09	26.4	4.36
chr7:150160235	7	150463147	3.11e-11	-10.9	1.64
rs117870738	7	153458149	2.71e-11	19.2	2.88
7:154781838:G:C	7	154990128	2.25e-16	13.8	1.68
7:157169081:T:C	7	157376387	8.2e-12	19.7	2.88
rs369502485	7	158455978	5.01e-11	16.9	2.57
rs144044754	8	652464	1.79e-14	24.7	3.22
8:1992100:G:T	8	2043984	8.15e-20	12.4	1.36
8:3772461:A:G	8	3914939	8.15e-20	15.5	1.7
8:5518206:C:T	8	5660684	8.19e-14	20.7	2.77
rs150389453	8	8947945	7.11e-16	28.1	3.48
rs184113203	8	10076977	7.25e-16	26.8	3.32
8:11454678:G:A	8	11597169	1.4e-11	28	4.14
Affx-37330777	8	13125373	6.03e-12	0.559	0.0812
8:15225925:G:C	8	15368416	1.63e-10	19	2.97
8:16288496:A:G	8	16430987	9.3e-14	25.5	3.42
rs181720543	8	18458632	2.35e-10	26	4.1
8:20947278:C:T	8	21089767	5.96e-17	21.6	2.58
8:22193142:C:T	8	22335629	1.16e-09	22.9	3.76
8:23550044:G:A	8	23692531	6.8e-15	26.5	3.4
8:25216825:A:G	8	25359309	3.93e-16	23.3	2.86
8:26839944:G:A	8	26982427	1.74e-16	29.6	3.59
rs188013426	8	28829529	2.45e-09	11.7	1.96
rs191661396	8	29925324	9.26e-17	20.8	2.5
8:30943900:G:A	8	31086384	2.04e-14	19.9	2.6
chr8:32737166	8	32879648	4.74e-13	-15.2	2.1
8:34102532:T:C	8	34245014	8.12e-23	18.4	1.87
rs61576945	8	35280426	7.26e-10	25.4	4.12
rs188876458	8	36963807	4.01e-09	17.9	3.04
rs116167392	8	38598729	1.11e-15	39.7	4.95
rs185382122	8	40016505	2.21e-16	17.5	2.13
rs74666598	8	41775164	1.14e-12	20	2.81
rs373853821	8	43579146	9.14e-11	20.3	3.13
8:48440134:A:G	8	47527572	5.49e-17	31.6	3.77
chr8:49793830	8	48881271	3.1e-09	8.54	1.44
8:50863623:T:A	8	49951063	4.55e-11	20.1	3.05
rs181545710	8	52017510	4.35e-12	28	4.04
8:54461288:A:T	8	53548728	3.35e-15	17.5	2.22
8:57377149:T:A	8	56464590	6.43e-16	18.6	2.3
8:60663493:C:A	8	59750934	3.23e-10	9.69	1.54
8:62691697:C:T	8	61779138	2.85e-20	22.8	2.47
8:66247898:T:C	8	65335663	1.31e-15	18.4	2.3
chr8:68846282	8	67934047	3.98e-20	-29.7	3.23
8:70476965:A:G	8	69564730	7.79e-18	32.8	3.81
rs79637080	8	71818349	4.83e-14	22.4	2.97
8:74090867:C:A	8	73178632	7.29e-10	9	1.46
8:75433109:A:G	8	74520874	6.54e-15	16.3	2.09
8:78104352:C:T	8	77192116	7.13e-17	31.4	3.76
chr8:79421706	8	78509471	2.11e-10	-19.9	3.13
rs12708110	8	80259578	2.49e-19	0.005941	0.00066
rs7824394	8	81292599	9.5e-67	0.075077	0.004348
8:84570920:A:C	8	83658685	1.55e-10	23.7	3.7
rs147235361	8	85278105	1.01e-09	18.4	3.01
rs181399344	8	87991942	1.91e-11	30.7	4.57
rs186605314	8	89586995	1.09e-15	21.1	2.63
8:91679427:A:G	8	90667199	1.94e-11	27.6	4.11
chr8:95485757	8	94473529	5.62e-12	-22.2	3.22
rs141087884	8	95626198	1.05e-12	29.3	4.11
8:97845053:T:A	8	96832825	3.54e-11	28.1	4.24
8:99006617:G:C	8	97994389	2.97e-11	9.98	1.5
rs138574119	8	100457504	3.01e-11	28.4	4.27
rs114871163	8	102007785	2.37e-16	34.8	4.24
rs189588532	8	103312968	1.93e-10	13.7	2.15
rs188169395	8	105740098	3.71e-09	8.97	1.52
rs151197179	8	107120418	5.24e-13	17.7	2.45
8:111243887:G:A	8	110231658	7.43e-16	16.3	2.02
rs188453201	8	112285284	1.24e-14	28.4	3.68
rs190330094	8	113827791	7.64e-14	20.8	2.78
chr8:116069024	8	115056795	1e-19	19.1	2.1
rs186660315	8	116305708	5.25e-12	22.3	3.23
8:118887659:C:T	8	117875420	5.98e-15	21.4	2.74
rs115091021	8	119608871	4.43e-11	27.3	4.14
rs79774420	8	121100455	1.68e-10	0.031496	0.004927
8:123167679:G:A	8	122155440	1.36e-13	19.7	2.66
chr8:124714795	8	123702555	3.52e-14	8.19	1.08
8:126791708:T:C	8	125779464	3.17e-18	16.9	1.94
rs73351149	8	127781092	1.13e-17	0.037244	0.004348
rs73351149	8	128793338	1.13e-17	0.037244	0.004348
rs58452854	8	130431353	1.96e-09	0.02937	0.004891
8:132770351:C:T	8	131758104	1.5e-20	23.9	2.57
rs66555610	8	133091922	1.76e-15	0.03351	0.004208
rs66555610	8	134104166	1.76e-15	0.03351	0.004208
8:136160968:C:A	8	135148725	1.74e-16	20.2	2.45
rs2111574	8	139564171	1.16e-10	0.029312	0.004545
8:142312015:C:G	8	141301916	2.14e-13	20.2	2.75
8:143702372:T:C	8	142621011	5.4e-16	36	4.44
rs34173062	8	144103704	5.31e-15	0.010397	0.001329
rs34173062	8	145158607	5.31e-15	0.010397	0.001329
9:3101219:G:C	9	3101219	2.45e-23	24.7	2.48
rs112843354	9	4384932	5.34e-14	25.9	3.44
rs9775039	9	6177453	1.16e-153	0.14767	0.005591
rs142466694	9	7340921	3.57e-11	16.3	2.46
9:9314362:T:C	9	9314362	8.03e-13	22	3.07
9:10685004:A:G	9	10685004	3.49e-13	9.9	1.36
rs143797499	9	11891504	7.19e-10	9.25	1.5
rs139467527	9	14409320	6.07e-14	30.5	4.06
chr9:16314780	9	16314782	1.01e-15	-15.1	1.88
rs201466402	9	17342408	1.37e-11	24.9	3.68
chr9:19715715	9	19715717	4.2e-17	22.8	2.71
chr9:22472187	9	22472188	8.69e-19	-34.1	3.85
rs274945	9	23585741	4.63e-16	-0.005285	0.00065
rs73642412	9	25819126	1.82e-18	36.5	4.16
9:28743269:G:T	9	28743271	6.97e-10	18.7	3.03
9:29794346:T:C	9	29794348	5.65e-10	10.3	1.66
chr9:31702586	9	31702588	2.22e-17	-17.4	2.05
chr9:32708402	9	32708404	7.09e-17	-22.8	2.73
9:34303396:A:C	9	34303398	4.7e-09	15.3	2.61
chr9:35379442	9	35379445	2.45e-11	-14.9	2.23
9:37272895:A:G	9	37272898	1.75e-12	6.67	0.945
9:74212308:G:A	9	71597392	1.61e-20	32.8	3.53
9:76671471:A:C	9	74056555	6.11e-15	29.2	3.74
9:77894147:G:A	9	75279231	1.58e-12	24.4	3.45
rs146610797	9	76527488	1.79e-11	22.2	3.3
9:80294009:G:C	9	77679093	4.11e-10	17.2	2.75
rs370138771	9	79345730	1.98e-26	36.3	3.41
chr9:83056041	9	80441126	7.46e-12	-24.4	3.56
9:84509937:T:C	9	81895022	1.55e-12	15	2.12
9:85598905:T:A	9	82983990	4.82e-10	19	3.05
chr9:87281306	9	84666391	3.13e-09	13.4	2.26
9:88574672:T:A	9	85959757	3.59e-15	16.3	2.07
rs150020515	9	87552636	4.8e-09	27.3	4.66
rs184004899	9	89062359	7.68e-19	33	3.72
rs192400535	9	91161868	8.77e-11	23.5	3.62
rs1888072	9	92205987	6.92e-11	-0.004267	0.000654
chr9:96648358	9	93886076	2.93e-09	-9.92	1.67
9:98103589:T:C	9	95341307	6.77e-17	11.7	1.4
9:99169511:T:C	9	96407229	2.27e-13	24.8	3.38
9:100739170:G:A	9	97976888	1.06e-16	19.1	2.3
rs41283642	9	99153605	3.7e-17	-0.015239	0.001808
9:103008447:A:G	9	100246165	2.96e-13	34.1	4.67
rs41283642	9	101915887	3.7e-17	-0.015239	0.001808
rs113714783	9	103164173	2.51e-11	20.1	3.01
9:107387433:C:T	9	104625152	7.21e-13	13.5	1.88
9:109533972:C:T	9	106771691	1.98e-14	30.4	3.97
9:110694482:G:T	9	107932201	1.42e-20	20.1	2.16
9:111898475:T:G	9	109136195	1.27e-12	17.9	2.52
9:113384374:C:T	9	110622094	6.71e-15	14.5	1.86
rs77746867	9	111925661	1.05e-13	15.4	2.07
rs188823772	9	112975406	3.4e-09	16.8	2.84
rs7026596	9	115075814	7.31e-13	-0.005938	0.000827
rs148979993	9	117057954	5.57e-10	21.6	3.48
9:120872071:G:T	9	118109793	1.86e-13	17.6	2.39
rs188489063	9	120436043	8.99e-15	18	2.32
rs184289015	9	122745248	2.15e-11	13.2	1.97
rs191732607	9	124109191	7.8e-14	18.1	2.42
rs138250318	9	125693408	8.71e-10	-0.07498	0.012219
rs115864823	9	127285437	3.22e-13	26.1	3.58
9:129142898:G:T	9	129142898	1.82e-18	-0.034381	0.003918
rs7027767	9	130572123	7.31e-10	0.026236	0.004256
rs10988207	9	131867130	3.8e-14	-0.034534	0.00456
chr9:135860043	9	132984656	6.01e-12	-6.21	0.902
9:137892054:A:G	9	135000208	5.4e-15	23	2.94
rs145842726	9	137118050	5.17e-18	16.1	1.86
9:140500443_G_A	9	140500443	8.25e-13	-0.110695	0.015455
10:1144685:A:G	10	1098745	3.28e-18	28.3	3.25
rs115428497	10	2658927	7.77e-16	35.4	4.39
10:4094042:G:A	10	4051850	1.76e-13	23	3.12
rs181852620	10	5091016	2.44e-11	14.3	2.14
rs12722502	10	6093139	1.24e-29	-0.028222	0.002495
rs263429	10	8043087	3.33e-11	0.00605	0.000912
rs61840192	10	9043404	1.03e-131	-0.10449	0.004278
10:10423948:C:T	10	10381985	8.31e-16	23.2	2.88
10:12232861:G:A	10	12190862	7.03e-14	26.6	3.55
10:14177847:A:G	10	14135848	2.49e-15	19.8	2.5
10:15591136:G:A	10	15549137	4.99e-12	22.6	3.27
10:17135992:C:A	10	17093993	4.1e-16	18.4	2.26
rs77592653	10	18337081	3.16e-12	17.3	2.48
chr10:21023210	10	20734281	1.37e-39	-57.7	4.38
10:22054099:C:G	10	21765170	2.06e-10	27.8	4.37
rs181492472	10	22821599	9.67e-10	16.4	2.68
rs140848373	10	23897088	6.44e-15	18.8	2.41
10:25402237:A:T	10	25113308	3.62e-12	16	2.3
rs115427693	10	27060644	6.36e-17	17.9	2.14
rs114062294	10	28361118	2.64e-14	23.7	3.11
chr10:30750957	10	30462028	7.51e-13	-22.1	3.08
rs7086577	10	31601879	3.87e-17	21.9	2.6
rs57251462	10	33000284	9.31e-11	18.8	2.9
rs77083691	10	34064829	6.06e-13	18.3	2.54
chr10:35739100	10	35450172	9.17e-16	-22.2	2.76
chr10:36914269	10	36625341	2.65e-17	-11.6	1.37
rs140739263	10	42780294	1.39e-10	20.1	3.13
10:44534428:G:C	10	44038980	1.6e-18	37	4.21
10:45440563:T:C	10	45440563	2.69e-09	-1.607889	0.270036
rs140271276	10	47325270	3.1e-14	26.6	3.5
rs186069103	10	48863982	1.91e-10	11.6	1.82
rs372353853	10	50016231	2.09e-17	23.7	2.79
10:53180368:A:G	10	51420608	7.77e-24	27.5	2.73
10:54420909:C:A	10	52661149	2.15e-10	27.9	4.39
rs139824811	10	55319623	2.35e-11	10.7	1.6
10:58790520:C:T	10	57030760	1.31e-11	21.2	3.13
rs73267584	10	59764362	2.13e-21	36.5	3.84
rs150267740	10	61092915	1.09e-11	25.7	3.78
rs138012443	10	62674522	3.9e-19	-0.038538	0.004308
rs138012443	10	64434282	3.9e-19	-0.038538	0.004308
rs183556664	10	66298616	2.47e-11	16.1	2.41
10:71182219:G:C	10	69422463	8.26e-16	31.5	3.91
10:73035781:G:A	10	71276024	1.01e-20	22.7	2.43
rs3870401	10	73713946	2.96e-14	-0.036407	0.004787
rs3870401	10	75473704	2.96e-14	-0.036407	0.004787
10:78652949:T:C	10	76893191	4.87e-09	17.1	2.92
rs146012621	10	78238325	1.11e-16	36.1	4.35
10:82177763:C:A	10	80418007	8.58e-10	24.8	4.04
chr10:83263673	10	81503917	8.4e-15	-24.7	3.18
rs189068173	10	83738382	5.24e-11	22.4	3.41
10:87632413:C:T	10	85872656	8.25e-15	20.9	2.69
rs12416173	10	87601928	2.35e-11	10.7	1.6
chr10:90498967	10	88739210	1.04e-09	-10.2	1.67
rs192493603	10	90366543	1.94e-20	39.5	4.26
rs7918084	10	92669710	5.29e-20	-0.005988	0.000653
rs7918084	10	94429467	5.29e-20	-0.005988	0.000653
10:97944133:A:T	10	96184377	4.05e-17	25	2.97
10:100418187:G:A	10	98658430	3.35e-34	57.1	4.68
10:100354499:C:A	10	100354499	1.77e-11	0.434874	0.064625
10:103544533:C:T	10	101784776	2.73e-09	22.2	3.73
rs12098541	10	103097456	3.75e-10	0.027381	0.004368
10:106561675:C:A	10	104801917	1.85e-11	24.2	3.6
chr10:108814272	10	107054514	3.45e-12	-9.47	1.36
chr10:110398797	10	108639039	3.57e-14	11.6	1.53
10:112790827:G:T	10	111031069	6.52e-12	22.2	3.23
rs192728756	10	114259977	7.14e-13	26	3.62
rs186150115	10	115726999	2.77e-10	13.2	2.09
10:119119831:T:C	10	117360320	1.54e-11	16.4	2.43
10:120941862:C:T	10	119182350	2.28e-15	18.4	2.32
rs201272535	10	121029315	9.46e-14	24.3	3.26
chr10:125866171	10	124106655	8.11e-11	-9.3	1.43
10:127111342:A:G	10	125422773	5.09e-10	13.5	2.17
10:129081873:A:G	10	127283609	2.23e-13	14.9	2.03
rs7075570	10	128434177	4.59e-12	25.2	3.64
10:132140042:G:A	10	130341778	3.94e-14	16.5	2.18
rs74163912	10	132431605	2.49e-16	30.1	3.67
rs11146290	10	134081028	6.83e-10	0.028632	0.004637
rs10751640	11	1112593	2.17e-33	-0.054552	0.004528
chr11:2272870	11	2251640	1.77e-12	-21.1	2.99
rs140790699	11	3764699	5.97e-15	23.9	3.06
rs76812074	11	6139104	6.36e-16	11	1.36
11:7781952:T:C	11	7760405	3.31e-16	31.2	3.82
11:8851170:T:C	11	8829623	2.03e-10	15.4	2.42
11:11180244:C:T	11	11158697	1.9e-21	19.7	2.07
11:13126511:G:T	11	13104964	5.09e-13	19.3	2.67
11:14387747:A:C	11	14366201	1.23e-16	26.6	3.21
11:16175167:A:G	11	16153621	2.81e-12	18.6	2.66
rs73433190	11	17486093	5.66e-10	17	2.74
rs75175115	11	19576907	8.1e-12	23.4	3.42
rs112405747	11	20811168	2.16e-21	40.2	4.23
rs77543041	11	22978001	1.1e-13	11.3	1.52
11:25005764:G:A	11	24984218	2.45e-24	32.8	3.22
11:26587888:G:A	11	26566341	1.86e-14	26.6	3.47
chr11:28180403	11	28158856	9.77e-16	-27	3.36
11:29456296:A:G	11	29434749	2.92e-13	27.9	3.82
rs186667863	11	31254549	4.88e-12	-12.1	1.75
rs374689417	11	32452040	1.77e-18	35.9	4.09
chr11:35295724	11	35274177	2.67e-13	-21.8	2.98
rs2592555	11	36371757	6.51e-18	-0.039476	0.004575
rs187994268	11	38124037	9.48e-14	28.1	3.77
11:39953217:G:C	11	39931667	1.97e-13	23.1	3.14
11:41155996:C:A	11	41134446	2.64e-18	24.8	2.84
chr11:43150257	11	43128707	3.32e-10	-16.6	2.64
chr11:44870958	11	44849407	1.01e-11	-22.2	3.26
11:45989328:C:T	11	45967777	6.01e-12	22.1	3.21
rs369372428	11	48948420	1.39e-10	28.9	4.5
11:56401056:A:G	11	56633580	2.33e-17	19	2.24
rs174551	11	61573684	1.08e-28	-0.049443	0.004446
rs376573492	11	63286142	7.22e-10	15.6	2.53
chr11:64327246	11	64559774	1.91e-13	-19.8	2.69
rs3867128	11	65653632	4.49e-22	-0.060078	0.006215
chr11:66726473	11	66959002	1.67e-16	-29.7	3.6
11:67755665:G:A	11	67988194	4.87e-10	9.28	1.49
11:69456012:A:G	11	69641244	5.23e-14	29.6	3.93
rs180975028	11	71544286	4.51e-14	25.9	3.43
rs73541065	11	73206318	1.74e-17	26.4	3.1
11:74394716:G:A	11	74683671	2.03e-09	17.4	2.9
rs7114362	11	76293070	2.48e-129	-0.101417	0.00419
chr11:78100752	11	78389706	5.92e-14	-24.2	3.22
rs143334817	11	79491094	1.02e-13	33.2	4.46
chr11:80431417	11	80720374	4.46e-11	14.9	2.26
11:82086336:C:T	11	82375294	2.26e-18	22.4	2.56
rs186904773	11	83519439	1.16e-16	31.1	3.75
rs73508141	11	86043315	2.62e-10	19.1	3.02
11:87041892:G:A	11	87330850	7.53e-11	24.3	3.73
rs184446306	11	89507348	4.73e-10	13.4	2.15
rs182759942	11	92296762	2.96e-11	17.1	2.57
11:94050642:G:A	11	94317476	1.57e-16	30.8	3.73
rs187058867	11	95537516	3.27e-09	21.2	3.58
rs187333214	11	98162581	1.32e-12	20.3	2.86
chr11:99785545	11	99914813	2.12e-10	-17.8	2.8
11:102931378:A:G	11	103060649	1.07e-12	12.4	1.74
rs188048310	11	104076038	2.18e-14	27.6	3.61
rs377019731	11	105742441	2.59e-14	34	4.46
rs116630127	11	107641335	1.81e-14	8.82	1.15
rs146578004	11	109279471	2.92e-09	22.1	3.72
11:110313893:A:C	11	110443169	2.03e-10	23.1	3.63
rs61896951	11	111488585	4.06e-24	-0.046952	0.004632
11:112818546:A:G	11	112947823	7.4e-16	30.1	3.73
rs191910781	11	117398318	8.2e-16	14.1	1.75
rs10892305	11	118746433	8.86e-25	-0.055441	0.005391
rs116624610	11	119948544	9.7e-11	19.3	2.98
rs11218149	11	121122002	8e-13	12.9	1.8
rs17126453	11	122393189	1.71e-09	26.4	4.38
11:124560120:A:G	11	124690224	2.5e-09	10.5	1.76
11:125635048:G:C	11	125765153	2.14e-17	38.3	4.51
rs10893834	11	128136460	1.13e-12	-0.005284	0.000742
12:206447:T:C	12	97281	5.43e-16	31.7	3.91
rs190315919	12	1413701	6.68e-16	23.6	2.92
12:3250423:T:A	12	3141257	2.33e-11	20	2.99
rs141648417	12	4713569	1.78e-18	36.6	4.17
12:5952584:C:T	12	5843418	6.12e-14	16.9	2.25
12:7583275:T:C	12	7430679	1.23e-12	22.6	3.18
12:10928316:C:G	12	10775717	1.53e-11	13.5	2
rs375326021	12	12303078	4.64e-15	14.9	1.9
rs58597452	12	14066020	2.24e-09	14.9	2.49
rs76251111	12	15353539	2.61e-20	36.5	3.95
12:17897774:A:G	12	17744840	2.2e-09	9.4	1.57
rs116371807	12	20470997	1.03e-15	16.7	2.08
12:24167189:C:T	12	24014255	2.86e-16	22.1	2.7
rs114508714	12	25901214	6.63e-10	24.1	3.9
12:28095383:G:A	12	27942450	7.87e-14	17.2	2.3
chr12:29790774	12	29637841	1.86e-14	-26.6	3.47
12:31162218:T:A	12	31009284	3.57e-12	15.1	2.17
12:32765146:G:C	12	32612212	4.95e-17	34.5	4.11
rs117377396	12	34333214	7.74e-18	32.2	3.74
chr12:40137382	12	39743580	8.09e-15	-15	1.93
rs189085219	12	40958150	1.21e-11	25.1	3.7
12:43564113:C:A	12	43170310	6.43e-16	27.9	3.45
chr12:45131164	12	44737381	1.11e-10	-15.3	2.37
12:46277210:G:A	12	45883427	1.7e-13	20.8	2.82
chr12:47324257	12	46930474	3.54e-09	-11.7	1.98
rs11168246	12	48204627	2.52e-14	0.0444	0.005821
12:49608977:T:C	12	49215194	3.52e-12	14.2	2.04
rs12303798	12	51577594	2.86e-10	14.2	2.25
chr12:53715288	12	53321504	1.52e-19	-36.2	4
rs62623446	12	55368291	2.45e-13	0.00923	0.00126
rs705705	12	56435504	1.17e-53	0.068637	0.004449
rs3122929	12	57509102	1.85e-55	0.01043	0.000665
chr12:59253407	12	58859625	1.41e-12	11.2	1.58
12:60290430:A:C	12	59896649	1.52e-15	25.3	3.17
12:61728636:C:A	12	61334855	3.46e-10	12.5	1.99
12:64370175:C:G	12	63976395	4.8e-25	30.1	2.91
rs1445439	12	64993402	1.14e-09	17	2.79
rs73329021	12	66293832	3.05e-16	32.3	3.95
rs141668396	12	67565572	2.57e-23	22	2.21
rs186685954	12	69304684	1.54e-15	30.8	3.86
rs71456061	12	71517669	4.14e-19	-0.038943	0.004356
rs376823832	12	72620613	3.37e-15	9.38	1.19
rs7977707	12	74219955	2e-14	33	4.31
rs149770152	12	75613346	7.55e-33	47.3	3.96
12:77012088:C:T	12	76618308	5.62e-12	11.1	1.61
rs73342472	12	78235962	6.58e-13	7.1	0.987
12:80643107:A:G	12	80249327	1.1e-09	17.2	2.82
12:81710206:A:G	12	81316427	3.64e-10	29.8	4.75
rs116150106	12	82960279	7.55e-13	22.6	3.15
rs150706348	12	85161741	3.43e-12	31.2	4.48
12:87703740:G:A	12	87309963	2.98e-09	17.1	2.88
rs115851911	12	89301338	4.99e-14	34.9	4.63
12:91219421:T:C	12	90825644	1.33e-11	26	3.84
rs114048096	12	92155247	7.24e-21	34.6	3.69
rs7135586	12	94599942	5.54e-15	-0.007126	0.000911
rs114355466	12	96819501	9.59e-25	40.8	3.97
12:99762635:G:A	12	99368857	5.74e-11	11.8	1.8
rs115303362	12	100610086	4.8e-18	25.3	2.92
rs80194082	12	102724406	7.46e-17	33.8	4.05
rs114800091	12	104770344	1.14e-17	37.6	4.39
12:106910998:C:G	12	106517220	3.99e-17	27.7	3.29
rs7310556	12	108655590	6.38e-11	0.02759	0.004219
rs56214813	12	109794243	3.87e-12	19.8	2.85
rs142365849	12	111359761	1.47e-21	20.9	2.19
chr12:113196016	12	112758211	8.6e-19	-22.5	2.54
rs145076088	12	114510817	4.35e-11	25.2	3.82
rs189693101	12	116262532	4.78e-13	27.5	3.8
chr12:117998345	12	117560540	1.95e-09	-17.3	2.88
12:119929811:G:C	12	119492006	1.08e-15	20.7	2.58
rs188074962	12	121365431	1.21e-21	0.042372	0.004431
rs117264035	12	122605971	8.87e-10	13.8	2.25
rs7485502	12	123849096	2.97e-11	-0.034959	0.005255
12:125453019:G:A	12	124968473	5.37e-14	26.5	3.52
12:130251623:C:T	12	129767078	7.92e-26	24.5	2.33
chr12:131799004	12	131314459	1.71e-12	-13.7	1.94
12:132696022:G:C	12	132696022	4.85e-09	2.817104	0.481002
13:20100819:A:G	13	19526679	3.69e-11	19.4	2.93
rs191530669	13	20682204	5.74e-21	15.7	1.67
rs372099660	13	21781699	1.37e-11	11.3	1.67
rs183946158	13	23167760	7.55e-13	25.9	3.61
rs141781073	13	24341265	1.01e-10	18.7	2.89
rs139572332	13	25579411	2.37e-13	28.3	3.86
rs113889357	13	27346363	1.98e-29	47.9	4.25
13:29116515:T:C	13	28542378	6.25e-11	8.44	1.29
13:31164051:G:T	13	30589914	2.57e-12	13.8	1.97
rs148626587	13	32399959	2.79e-18	27.4	3.14
13:35791180:C:T	13	35217043	1.81e-15	27.7	3.48
chr13:37343937	13	36769800	2.85e-09	-3.87	0.651
rs74599819	13	38904362	6.63e-11	16.4	2.51
rs28635831	13	40319954	8.54e-20	-0.040579	0.004453
rs112934086	13	43519325	4.99e-15	34.7	4.43
rs149259241	13	44595286	2.96e-14	27	3.55
13:47074110:G:A	13	46499975	1.93e-10	29.5	4.63
rs140275227	13	47527705	1.22e-11	15.6	2.3
13:49813143:C:T	13	49239007	1.55e-11	16.6	2.46
rs181960659	13	51729518	1.31e-16	30.3	3.66
13:54380686:C:A	13	53806551	3.1e-10	22.8	3.62
rs187868032	13	55006899	1.76e-10	15.9	2.49
rs144746977	13	57586961	3.13e-14	19.3	2.54
13:60248503:C:A	13	59674369	1.7e-16	35.3	4.28
13:63847191:G:C	13	63273058	1.58e-14	22.6	2.94
13:64944879:G:A	13	64370747	9.65e-11	17.1	2.64
13:66370973:G:T	13	65796841	4.68e-15	31.6	4.03
rs74852547	13	67228426	1.4e-20	40.3	4.33
rs116640470	13	68370869	2.22e-12	30.7	4.37
13:72279965:A:G	13	71705833	3.32e-13	19.6	2.69
13:73364818:A:C	13	72790680	2.25e-10	18.6	2.93
rs142102013	13	74027390	2.29e-16	0.053313	0.006492
rs116584228	13	75862915	7.31e-16	27.2	3.37
13:78067463:T:C	13	77493328	3.64e-16	23	2.82
13:79592736:G:C	13	79018601	1.24e-13	27	3.64
chr13:80634413	13	80060278	2.36e-09	-14.7	2.46
rs113973315	13	81327874	1.03e-09	3.58	0.586
13:83655139:C:A	13	83081004	2.25e-11	9.84	1.47
rs186733257	13	84183189	7.03e-11	26.1	4
13:86530338:C:T	13	85956203	2.04e-16	20.4	2.48
chr13:88796207	13	88143952	9.3e-11	-9.53	1.47
13:90156242:C:T	13	89503988	9.14e-18	38.4	4.47
rs188710021	13	90865910	2.71e-11	10.8	1.62
chr13:93654717	13	93002464	1.7e-12	-10.1	1.43
rs9590126	13	94927072	9.87e-15	30.6	3.95
13:96717028:G:C	13	96064774	4.23e-10	24.5	3.92
rs115813305	13	98324078	8.9e-12	23.9	3.5
rs1319132	13	99999601	3.22e-39	-0.061011	0.004654
chr13:102332023	13	101679673	2.41e-10	-26.3	4.15
chr13:103393580	13	102741230	4.7e-18	-24.7	2.85
rs190956069	13	103853394	2.95e-09	8.79	1.48
rs149706240	13	105230468	1.29e-10	21.1	3.28
rs182687474	13	108392623	2.71e-11	20.4	3.06
rs184028552	13	110348678	6.11e-16	19.1	2.36
rs145739536	13	112433804	6.92e-11	20.3	3.11
chr14:20935323	14	20467164	1.56e-10	-18.7	2.92
rs77307871	14	22301711	9.17e-16	25.9	3.22
rs188388762	14	23543002	7.99e-16	18.7	2.32
14:25639412:A:G	14	25170206	4.47e-18	30.7	3.54
14:27128921:A:G	14	26659715	4.59e-12	22.5	3.25
rs191010783	14	27663720	9.81e-11	18	2.78
14:29856329:A:T	14	29387123	8.04e-10	19	3.09
14:31518415:C:T	14	31049209	1.06e-12	21.1	2.96
rs140004893	14	32627300	2.24e-17	25.8	3.04
rs148790297	14	33982380	4.8e-15	31.9	4.07
rs9322952	14	35881761	2.23e-15	-0.005293	0.000667
14:39104887:C:A	14	38635683	5.24e-14	29.9	3.97
rs192545817	14	39919745	3.45e-09	25.9	4.38
rs185244288	14	42484983	1.66e-13	13.8	1.87
14:44461337:G:A	14	43992134	1.63e-23	33.9	3.39
14:46296523:C:T	14	45827320	2.19e-10	24.9	3.92
rs188341231	14	47523309	8.83e-20	18.4	2.02
14:50424235:C:A	14	49957517	1.59e-13	25.7	3.48
rs142794927	14	51658704	5.94e-13	27.1	3.76
rs182417546	14	53887519	3.35e-13	27.1	3.72
14:56975490:G:A	14	56508772	6.2e-13	7	0.972
rs1190978	14	58336571	1.11e-10	0.039368	0.006097
14:59483905:A:G	14	59483905	2.23e-12	-0.209406	0.029809
rs141088606	14	61407148	4.06e-17	23.4	2.78
rs146671564	14	63090597	5.06e-12	22.8	3.3
rs11158543	14	64498819	1.08e-09	0.028138	0.004611
chr14:65985453	14	65518735	3.92e-15	-35.7	4.54
14:67179240:A:G	14	66712522	7.45e-13	18.3	2.55
rs3825729	14	68773744	1.97e-26	0.04672	0.004389
rs10135145	14	71104910	8.9e-11	-0.035428	0.005459
chr14:73330594	14	72863886	3.75e-11	-18.4	2.78
14:74662490:C:T	14	74195787	2.55e-14	18.3	2.4
14:76459610:G:C	14	75993267	2.25e-09	14.3	2.39
14:78555628:T:C	14	78089285	1.95e-17	30.1	3.54
rs139488978	14	81995144	1.19e-10	8.25	1.28
rs56741249	14	83410290	1.5e-12	19.4	2.74
rs148370193	14	84637141	1.81e-16	30.9	3.75
14:86381380:G:A	14	85915036	3.97e-27	34	3.15
rs114118025	14	89118516	2.21e-14	26.6	3.48
rs113428342	14	91370126	6.01e-16	22.1	2.73
rs199852716	14	92547356	2.29e-13	-0.034709	0.004731
rs116894593	14	93593885	1.26e-13	-0.035073	0.004729
rs4900299	14	95887549	1.51e-15	27.3	3.42
rs185601488	14	96938815	1.07e-11	16.8	2.47
14:98634021:G:A	14	98167684	2.78e-17	36.3	4.29
rs139357154	14	100759903	3.94e-10	20.6	3.29
14:102579242:T:C	14	102112905	9.74e-14	14.9	2
rs374725323	14	104094881	4.44e-14	21.3	2.82
14:106094267:C:T	14	105627930	2.53e-12	19.9	2.84
rs114658347	14	106838063	3.23e-15	23.9	3.03
chr15:25235582	15	24990435	9.71e-19	-24.5	2.77
rs147249045	15	26577871	2.49e-11	17.5	2.62
15:28378165:G:A	15	28133019	7.36e-21	40.5	4.32
15:30951411:T:A	15	30659208	8.08e-21	23.6	2.52
15:32295448:C:T	15	32003245	6.68e-17	21.9	2.62
rs142833331	15	33956328	1.43e-20	34.8	3.74
15:36608191:T:C	15	36315990	2.01e-10	31	4.87
chr15:38025745	15	37733544	8.8e-13	-19.1	2.67
rs75421962	15	39189645	4.3e-09	12.4	2.11
rs11629680	15	40561480	8.29e-15	-0.046035	0.005926
rs4924544	15	41693455	2.78e-20	-0.039023	0.004226
15:44795395:A:T	15	44503197	5.97e-12	24.1	3.5
15:46170005:G:T	15	45877807	2.69e-10	3.47	0.549
15:47218886:C:T	15	46926688	4.19e-18	26.3	3.03
chr15:48299664	15	48007467	4.34e-09	-18.8	3.2
rs368191668	15	49402275	1.23e-09	21.1	3.47
15:50492793:C:T	15	50492793	3.56e-37	-0.081687	0.006408
rs79373398	15	51601346	1.05e-15	24	2.99
15:54469487:G:A	15	54177290	7.47e-21	38.9	4.15
15:55931243:C:T	15	55639045	2.06e-15	25.5	3.21
chr15:57727008	15	57434810	4.35e-20	-32.7	3.56
rs189295374	15	59070101	6.38e-20	20.3	2.22
rs9920526	15	61047526	2.75e-44	-0.087184	0.006242
chr15:62427098	15	62134899	3.54e-11	-16.9	2.55
15:63835062:C:G	15	63542863	4.88e-22	31	3.21
15:66540900:C:G	15	66248562	1.21e-09	20.5	3.37
rs72743461	15	67441750	2.98e-88	0.015218	0.000764
rs140252523	15	69626521	4.89e-17	22.5	2.68
15:71429260:C:T	15	71136921	1.53e-15	16.6	2.08
15:74184475:C:G	15	73892134	7.16e-17	16.2	1.94
chr15:76113253	15	75820912	1.77e-12	-23.5	3.33
15:77411550:G:A	15	77119208	1.19e-23	32.5	3.24
rs111614308	15	79637555	4.29e-16	22.7	2.79
15:81489779:C:T	15	81197438	4.31e-09	17.1	2.91
rs143253231	15	84531695	8.88e-21	-0.039684	0.004242
rs187096219	15	86562720	4.97e-11	26.9	4.09
15:88131769:G:A	15	87588538	8.71e-24	32.5	3.23
15:89775011:A:G	15	89231780	2.97e-12	22.7	3.25
rs139911305	15	90484778	7.53e-11	20	3.07
15:92619811:C:T	15	92076581	5.95e-15	28.9	3.7
15:94851190:A:G	15	94307961	5.28e-11	15.5	2.36
15:96113812:A:G	15	95570583	3.44e-15	22.3	2.83
15:98307067:C:T	15	97763837	1.31e-15	17.6	2.2
rs193259932	15	99084257	7.91e-14	16.6	2.22
15:101656217:C:T	15	101116012	1.92e-11	17.8	2.65
16:786003:A:G	16	786003	1.3e-10	0.585707	0.091065
rs369091175	16	2379997	3.82e-12	16.4	2.36
rs189273815	16	3824463	1.21e-14	16.6	2.15
rs370258546	16	5515987	2.44e-15	34.7	4.38
16:6962320:G:C	16	6912319	9.85e-22	23.1	2.41
16:8034416:T:C	16	7984414	1.44e-11	14.6	2.16
16:9549407:C:G	16	9455550	1.4e-19	30.8	3.4
rs35441874	16	11213021	1.74e-57	-0.012058	0.000754
16:12352494:C:T	16	12258637	1.49e-18	30.7	3.49
16:14667802:A:G	16	14667802	1.08e-09	1.696627	0.278025
rs138296006	16	16066396	1.18e-22	44.6	4.55
rs116781148	16	17995439	1.37e-15	27.5	3.44
16:19629358:G:A	16	19618036	3.67e-12	16.9	2.43
16:20994776:A:C	16	20983454	3.1e-14	28.5	3.75
16:23040350:G:T	16	23029029	1.45e-13	34.1	4.61
chr16:24203513	16	24192192	4.57e-09	17.6	3
chr16:25230566	16	25219245	1.58e-13	-17.8	2.41
rs1981551	16	27345352	2.78e-36	0.058305	0.004633
rs117814920	16	28583023	1.52e-17	27.9	3.27
16:30945198:C:T	16	30933877	1.37e-19	38.6	4.26
chr16:47313830	16	47279919	2.52e-09	-20.4	3.42
chr16:49673708	16	49639797	8.48e-12	-21.6	3.16
rs111164073	16	50726822	5.11e-15	0.125902	0.016079
16:52843937:G:A	16	52810025	3.49e-15	29.7	3.77
chr16:54265291	16	54231379	3.42e-19	38.8	4.33
16:55911096:T:G	16	55877184	6.87e-12	9.2	1.34
chr16:57892373	16	57858469	6.96e-23	-27.2	2.76
16:60622662:A:G	16	60588758	2.34e-14	21	2.75
rs373986395	16	62035251	3.16e-09	13.1	2.21
rs181167838	16	63685661	3.75e-13	24.5	3.37
chr16:65164365	16	65130462	2.91e-14	-29.9	3.93
16:66837135:C:A	16	66803232	6.34e-22	39.1	4.06
rs12446418	16	68290200	2.66e-11	-0.007842	0.001176
16:69742597:A:G	16	69742597	3.16e-09	2.770425	0.467379
16:72288040:A:G	16	72254141	3.74e-09	8.85	1.5
rs143505395	16	73292012	1e-15	14.7	1.83
16:74503743:G:A	16	74469845	6.76e-10	10.5	1.7
16:76374470:A:G	16	76340573	1.11e-14	35.8	4.63
16:77949297:C:G	16	77915400	1.18e-12	27.6	3.88
16:79085012:C:T	16	79051115	3.15e-10	10.2	1.62
16:80177135:T:A	16	80143238	3.86e-09	20.1	3.41
16:81206355:G:A	16	81172750	1.59e-15	39	4.89
16:82373336:C:T	16	82339731	1.95e-16	24.2	2.94
16:83391230:C:A	16	83357625	1.82e-11	15.4	2.29
16:85453313:C:T	16	85419707	1.71e-17	29.9	3.51
rs74039020	16	86936373	5.05e-14	20.8	2.76
chr16:89220607	16	89154199	6.22e-14	-20.8	2.77
rs57987021	17	1423745	4.26e-14	16.1	2.13
rs113777083	17	2562208	9.77e-16	27	3.36
17:4037264:G:A	17	4133970	5.74e-13	31.3	4.34
rs138404061	17	5612775	5.8e-12	17.5	2.54
17:6570112:C:T	17	6666793	1.43e-20	34.8	3.74
rs187062164	17	8120918	1.05e-12	23.6	3.31
17:10077965:C:G	17	10174648	1.53e-14	34.3	4.46
rs66590878	17	12247336	4.23e-14	0.052825	0.006988
17:13997278:A:T	17	14093961	1.25e-11	28	4.13
rs184352734	17	15840618	1.47e-09	8.17	1.35
17:17794494:A:G	17	17794494	1.29e-09	2.235025	0.367996
rs140645419	17	18991612	1.43e-16	38.2	4.62
17:20015164:G:A	17	20111851	6.12e-17	31.3	3.74
rs7219572	17	27566241	1.17e-11	-0.028644	0.004219
chr17:26932958	17	28605940	2.66e-25	-31.2	3
chr17:28600375	17	30273357	3.15e-13	-19.4	2.66
rs147710410	17	32299887	2.85e-12	21.6	3.09
chr17:32562453	17	34235434	1.57e-13	-14.7	1.99
chr17:34138280	17	35811276	9.9e-13	-18.7	2.62
rs12939565	17	38038389	8.9e-133	0.102684	0.004187
17:39908216:C:T	17	39908216	1.12e-182	-0.103872	0.003603
chr17:39223901	17	41067649	8.31e-16	-14.5	1.8
rs9909628	17	42266553	5.95e-23	-0.045017	0.004561
rs4247364	17	43336687	4.76e-19	0.006314	0.000708
rs12936466	17	45154624	7.56e-23	0.048232	0.004898
rs112502960	17	47439302	6.25e-45	0.061924	0.004401
rs112502960	17	49361940	6.25e-45	0.061924	0.004401
rs373914987	17	51080051	3.41e-11	19.5	2.94
rs150174385	17	52416296	3.59e-18	22.7	2.61
rs369687991	17	53714218	2.3e-09	23.5	3.93
chr17:53122613	17	55045252	3.53e-11	-9.08	1.37
rs186779520	17	56448372	8.74e-13	17.6	2.46
rs149394482	17	58354678	1.63e-16	27.4	3.32
rs116986872	17	59366557	4.09e-09	12.3	2.09
rs113693415	17	60406547	4.52e-11	14.5	2.2
rs2262046	17	61999505	2.64e-15	-0.040404	0.005106
rs2262046	17	63922145	2.64e-15	-0.040404	0.005106
chr17:64224272	17	66228154	1.21e-13	-14.1	1.9
17:67261533:T:C	17	69265392	1.85e-14	11.5	1.5
17:68330235:T:C	17	70334094	6.03e-17	14.9	1.78
17:69760718:G:A	17	71764577	1.61e-09	9.66	1.6
rs11652261	17	73797777	1.76e-12	0.031465	0.004458
17:72809377:G:A	17	74813238	4.2e-20	17	1.85
rs76848919	17	76352554	1.31e-15	0.006406	0.000801
rs77864114	17	77443173	6.92e-15	24.7	3.17
chr17:76992654	17	78996572	1.71e-17	-23	2.7
rs9900226	17	81024861	1.3e-13	-0.039296	0.005302
rs9900226	17	83066985	1.3e-13	-0.039296	0.005302
18:1005003:A:C	18	1005002	5e-15	25.3	3.23
chr18:2184672	18	2184672	7.06e-12	-12.9	1.88
rs115114451	18	4428607	9.77e-14	11.1	1.49
rs9961717	18	5450636	7.2e-12	10.7	1.56
18:7434387:A:G	18	7434389	3.21e-16	27.7	3.39
rs10432145	18	9167072	3.72e-10	0.027238	0.004344
18:10188364:G:A	18	10188367	8.99e-16	35	4.35
18:11932681:G:A	18	11932682	9.17e-17	22.8	2.74
18:13370087:T:C	18	13370088	3.14e-11	20.4	3.07
rs146951553	18	20468189	7.23e-10	-0.031457	0.005102
chr18:19829024	18	22249061	6.9e-11	14.1	2.16
18:21347226:G:A	18	23767262	7.64e-18	24.8	2.88
18:23480570:A:G	18	25900606	5.66e-15	30.8	3.94
rs73400022	18	27995790	2.18e-11	27.8	4.15
18:27236708:C:T	18	29656743	3.24e-10	20.7	3.29
18:28328673:C:T	18	30748707	3.24e-11	16.8	2.53
18:29978079:T:G	18	32398116	1.1e-09	13.6	2.23
rs8098767	18	33401562	1.3e-10	0.004547	0.000707
18:32252433:C:T	18	34672469	5.11e-12	31.5	4.56
rs147435057	18	36168954	8.69e-11	0.066357	0.010219
chr18:35240592	18	37660629	1.49e-14	-28.7	3.73
18:36592884:C:A	18	39012920	4.7e-10	14.4	2.31
18:37682816:T:C	18	40102852	5.02e-17	26.1	3.11
18:39406130:T:G	18	41826165	2.04e-12	28.5	4.05
18:41603620:A:T	18	44023655	7.04e-10	9.44	1.53
18:42801212:C:T	18	45221247	1.56e-12	19.1	2.7
rs12606349	18	46396550	3.3e-11	0.028809	0.00434
18:44977052:G:C	18	47450681	7.82e-13	15.2	2.12
rs1893380	18	48647640	2.34e-11	0.029007	0.004337
rs116007131	18	50811121	3.25e-15	26.5	3.36
rs369558913	18	52272957	7.93e-16	31.6	3.92
18:51222114:T:A	18	53695744	3.68e-17	27.9	3.31
rs56089125	18	54708756	2.46e-11	0.02871	0.004297
18:54098851:G:T	18	56431620	1.47e-13	21.3	2.88
18:56483639:T:A	18	58816407	7.46e-12	12.2	1.78
18:57804778:T:C	18	60137546	4.28e-17	27	3.21
18:59471297:G:A	18	61804064	1.96e-19	33.2	3.68
rs12964116	18	63775385	5.11e-16	0.01406	0.001733
rs117855613	18	64970213	1.09e-09	0.080555	0.013204
18:63800693:C:T	18	66133457	1.22e-15	18.5	2.31
rs11663959	18	67598537	4.77e-12	0.069851	0.010097
chr18:67035597	18	69368361	6.81e-10	-15.5	2.51
rs79163002	18	70461483	7.04e-16	27.7	3.43
rs9949875	18	72334889	2.88e-11	-0.035281	0.005299
rs187179865	18	74857708	2.07e-22	34.4	3.53
rs75042128	18	76799608	2.96e-10	8.45	1.34
rs78034733	18	78039395	1.81e-11	15.2	2.26
18:77539527:G:C	18	79779527	3.09e-11	23.2	3.49
rs12462901	19	1166410	9.27e-14	0.034476	0.004624
rs117552144	19	3136091	4.7e-17	0.011642	0.001386
rs148487251	19	5349515	2.68e-17	30.9	3.65
rs2029745	19	6580892	1.29e-12	0.004749	0.000669
19:7643172:T:C	19	7643172	3.53e-14	-0.111338	0.014682
rs73012738	19	9137195	2.47e-16	0.005787	0.000706
rs549956721	19	10636964	1.51e-10	0.087215	0.013608
19:11913128:C:T	19	11802313	6.45e-24	44.1	4.37
rs146539245	19	13578922	6.81e-12	26.3	3.83
chr19:15341746	19	15230935	1.18e-11	-13.1	1.93
rs8111628	19	16299330	6e-13	0.034004	0.004719
rs141988394	19	17304576	9.79e-14	18.4	2.47
rs187977540	19	19018288	1.32e-09	8.68	1.43
rs180802298	19	20771621	1.05e-09	12.7	2.08
19:23342121:G:C	19	23159319	1.7e-11	13.2	1.96
19:28871850:G:A	19	28380943	5.28e-11	15.5	2.36
19:30158601:C:T	19	29667694	2.47e-09	11.1	1.86
19:31812693:A:G	19	31321787	8.69e-14	26.8	3.59
rs117710327	19	33726578	2.9e-42	-0.018086	0.001327
chr19:35638459	19	35147556	2.97e-15	-12.4	1.57
rs76817027	19	36465956	2.91e-17	24.1	2.85
rs353401	19	37955675	1.14e-16	18	2.17
19:41140991:C:T	19	40635086	8.28e-17	17.5	2.1
rs191699156	19	42150598	1.76e-12	-0.063914	0.009056
chr19:43669513	19	43165361	1.49e-16	-33.3	4.03
19:44742659:G:A	19	44238506	1.71e-09	12.9	2.14
rs8100197	19	45253582	9.55e-16	0.005909	0.000735
rs7250497	19	46358425	1.87e-14	-0.005199	0.000678
chr19:47864888	19	47361631	8.15e-15	-25.8	3.32
rs200009375	19	49480357	4.01e-13	16.7	2.3
19:51299836:C:T	19	50796579	9.77e-14	22.2	2.98
rs961552	19	51798607	6.29e-13	0.034289	0.004763
19:53354068:C:T	19	52850815	2.64e-24	39.8	3.91
19:55816445:T:C	19	55305077	1.61e-17	34.1	4
chr19:57284751	19	56773383	1.43e-12	-10.7	1.51
19:58585217:C:T	19	58073849	2.18e-09	10.6	1.77
rs142741642	20	677544	1.3e-14	15.5	2.01
chr20:2631790	20	2651144	2.42e-12	-16.2	2.31
rs183965436	20	5429167	2.13e-13	27.4	3.73
20:6838505:G:A	20	6857858	1.12e-15	34.4	4.29
chr20:7933955	20	7953308	4.68e-22	-25.7	2.66
20:9952216:A:G	20	9971568	3.69e-11	14.5	2.19
rs75097346	20	11654342	5.34e-25	40.3	3.9
20:13630488:A:C	20	13649841	1.13e-13	29.2	3.93
chr20:14950768	20	14970122	1.45e-10	-17	2.65
20:16417783:C:T	20	16437138	1.88e-17	22.8	2.68
rs191900956	20	18184205	2e-17	17	2
chr20:19232474	20	19251830	3.6e-11	-26.3	3.97
20:20438772:C:T	20	20458128	3.27e-19	33.8	3.77
rs11699259	20	21502454	2.9e-10	0.004155	0.000659
20:22974038:C:T	20	22993401	6.43e-12	24.2	3.52
rs114788171	20	24678304	2.19e-11	21.5	3.21
rs6119003	20	29540093	1.02e-12	0.03489	0.004891
rs138494314	20	31334283	1.08e-12	0.040456	0.005677
rs7269057	20	33460296	7.38e-12	10.9	1.59
chr20:33779991	20	35192188	1.09e-15	-14.6	1.82
rs187685402	20	37317333	1.92e-15	26.8	3.37
chr20:37233295	20	38604652	1.94e-09	-8.35	1.39
20:38428172:C:G	20	39799530	8.7e-21	36.4	3.89
rs149939669	20	41647461	5.66e-14	17.6	2.34
20:41475198:G:A	20	42846558	5.93e-10	17.6	2.84
20:43678642:A:G	20	45050001	7.37e-16	27.6	3.42
rs377707018	20	47350849	3.03e-12	26.6	3.81
20:49511163:T:C	20	49511163	1.38e-10	2.886123	0.449351
rs79641917	20	50559905	5.27e-15	30.6	3.91
rs2766678	20	52208356	6.61e-16	0.045084	0.005577
rs2766678	20	53591817	6.61e-16	0.045084	0.005577
rs143737682	20	55574180	1.06e-13	18.3	2.46
chr20:55995518	20	57420462	2e-10	-19.8	3.11
rs377072337	20	59475184	2.03e-10	27.3	4.29
chr20:59225870	20	60650812	6.74e-11	-17.7	2.71
rs7262150	20	62354494	2.9e-23	-0.049692	0.004998
rs7262150	20	63723142	2.9e-23	-0.049692	0.004998
21:15597991:A:C	21	14225670	2.56e-19	35.7	3.97
21:17267958:G:C	21	15895638	3.65e-17	34.9	4.14
21:18762862:G:A	21	17390543	5.02e-10	29	4.66
21:19910487:C:T	21	18538169	3.81e-10	24	3.83
rs73333052	21	20659676	1.31e-12	25.2	3.55
21:23834535:C:A	21	22462215	1.16e-11	6.03	0.888
rs182156659	21	24670047	8.74e-24	49	4.87
rs151279281	21	26618876	5.48e-15	14	1.79
21:29518576:T:C	21	28146257	6.3e-12	14.1	2.05
rs8127708	21	31224306	9.42e-14	16.4	2.2
chr21:33882984	21	32510674	1.46e-09	9.14	1.51
chr21:35414590	21	34042290	1.72e-13	-13.2	1.79
rs202204907	21	35116456	1.71e-27	0.064889	0.005969
rs202204907	21	36488753	1.71e-27	0.064889	0.005969
21:39443382:G:A	21	38071288	4.32e-11	12.8	1.94
21:41012174:C:T	21	39640247	8.78e-16	16.5	2.05
rs149803452	21	41027764	4.95e-13	32.4	4.48
21:43066294:T:C	21	43066294	1.98e-11	1.554303	0.231542
rs472497	21	44848203	5.1e-12	-0.033156	0.0048
22:17641934:C:T	22	17161044	3.05e-16	33.2	4.06
rs139689471	22	19697681	3.98e-12	7.36	1.06
22:21292242:C:T	22	20937954	3.48e-11	12	1.81
22:22338265:A:T	22	21983867	1.84e-09	22.5	3.74
22:23632067:G:A	22	23289880	2.63e-16	16.8	2.05
rs138250938	22	24825614	3.15e-10	10.2	1.62
rs115585186	22	26768356	6.14e-11	10.8	1.65
22:28702584:G:A	22	28306596	1.8e-14	31.6	4.12
rs76890695	22	29388181	8.25e-29	44.8	4.02
22:31512665:C:T	22	31116679	2e-10	24.7	3.88
rs141730370	22	32649338	3.42e-10	14.2	2.26
22:37053428:G:A	22	36657381	6.49e-27	51.7	4.81
rs181903045	22	38561340	5.1e-10	18.6	2.99
22:40006226:G:A	22	39610221	9.85e-22	23.1	2.41
22:41234948:T:C	22	40838944	3.48e-12	16.5	2.37
rs169363	22	41853117	4.56e-23	0.051655	0.005219
chr22:44385963	22	43990083	2.96e-19	-19.3	2.15
22:46263514:C:T	22	45867634	8.74e-17	21.4	2.57
rs147742334	22	47096643	1.13e-16	34.1	4.11
22:49365971:T:G	22	48970159	2.71e-15	22.7	2.87
22:50562294:T:C	22	50123865	7.49e-20	32.4	3.55
