CHROM	POS	ID	P	TOTAL
6	32626614	rs9273374	5.22e-253	6687
6	32617809	rs28798705	4.28e-199	468
6	32611449	rs7757696	1.04e-192	493
2	102969667	rs145573519	1.61e-160	382
9	6177453	rs9775039	1.16e-153	211
6	32593566	rs9271726	2.05e-152	636
17	38038389	rs12939565	8.9e-133	746
10	9043404	rs61840192	1.03e-131	152
11	76293070	rs7114362	2.48e-129	148
6	32632777	rs1049068	6.38e-98	792
2	102926362	rs12470864	6.87e-97	134
5	110423832	rs201024593	1.61e-95	243
2	242699504	rs62192033	1.13e-93	132
15	67441750	rs72743461	2.98e-88	31
9	6047765	rs62557312	1.96e-85	223
11	76299431	rs55646091	9.6e-76	61
5	131991032	rs3091308	7.72e-75	138
6	32574360	rs2647074	9.76e-74	446
8	81292599	rs7824394	9.5e-67	212
6	32631918	rs41263792	5.21e-64	110
